2.5 0.34033 0.00450798
7.5 0.576335 0.00322287
12.5 0.717116 0.00280212
17.5 0.793363 0.00248442
22.5 0.836222 0.00216344
27.5 0.86639 0.00200817
32.5 0.882207 0.00191779
37.5 0.899173 0.00177223
42.5 0.909503 0.00165883
47.5 0.915782 0.00158541
52.5 0.922222 0.00150394
57.5 0.928368 0.00135681
62.5 0.931651 0.0013726
67.5 0.936484 0.00128158
72.5 0.935917 0.0013458
77.5 0.940766 0.00120437
82.5 0.943658 0.00118613
87.5 0.946453 0.00113626
92.5 0.948026 0.00105414
97.5 0.950289 0.00103487
102.5 0.949107 0.000850056
107.5 0.953403 0.000877262
112.5 0.956584 0.000926767
117.5 0.960114 0.000978571
122.5 0.960688 0.0011301
127.5 0.96333 0.00116374
132.5 0.966311 0.00118852
137.5 0.965049 0.00131134
142.5 0.967056 0.00142657
147.5 0.970068 0.00145458
152.5 0.96983 0.00166861
157.5 0.973627 0.00181649
162.5 0.973786 0.00174292
167.5 0.975953 0.00191429
172.5 0.974975 0.00236351
177.5 0.976355 0.002184
182.5 0.975012 0.00257045
187.5 0.977424 0.00263235
192.5 0.976316 0.0020465
197.5 0.979042 0.00298268
