0.1 1.19602 0.0105125
0.3 0.959594 0.0132889
0.5 0.822605 0.0139084
0.7 0.786193 0.0143996
0.9 0.740382 0.0141531
1.1 0.733961 0.0143128
1.3 0.684224 0.0139122
1.5 0.670811 0.0139966
1.7 0.628327 0.0135586
1.9 0.63645 0.0144085
2.1 0.611878 0.0147396
2.3 0.593678 0.0152916
2.5 0.61027 0.0171869
2.7 0.62883 0.0191928
2.9 0.711548 0.0240274
3.1 0.748787 0.0280775
3.3 0.883479 0.0377891
3.5 0.814548 0.0407127
3.7 0.903596 0.0533434
3.9 0.967324 0.0675837
4.1 1.01053 0.0950987
4.3 0.997406 0.119297
4.5 1.08132 0.164646
4.7 1.44828 0.363672
4.9 1.27059 0.429714
5.1 0.533335 0.320495
5.3 1.50001 1.00623
