0.1 0.0458972 0.029008 0.0915487 0.0942932 -0.248882 0.251418 -0.581034 0.540706 -21.5678 1.82686 0.0176708 0.00868421 -22.2603 1.92424 -22.2603
0.3 0.0939785 0.0392985 0.421088 0.103172 0.710346 0.197682 0.145822 0.295913 0.752835 0.496643 0.0322076 0.0129642 2.12407 0.620875 -20.1362
0.5 0.130447 0.0368804 0.311068 0.066156 0.305293 0.102741 0.290155 0.111023 0.142101 0.0902898 0.00601469 0.0125454 1.17906 0.191758 -18.9572
0.7 0.178715 0.0290305 0.314694 0.0530249 0.544273 0.0788803 0.596885 0.106361 0.931693 0.175275 0.0384163 0.0135394 2.56626 0.227839 -16.3909
0.9 0.120834 0.0249168 0.411252 0.0457928 0.55648 0.0706862 0.666292 0.114188 1.04381 0.211046 0.0628519 0.0125462 2.79867 0.255527 -13.5922
1.1 0.133535 0.0246135 0.3395 0.0418229 0.472932 0.0653962 0.473261 0.0847319 0.905504 0.180061 0.0619537 0.0120263 2.32473 0.215019 -11.2675
1.3 0.116435 0.0199631 0.269536 0.0361389 0.362688 0.0563896 0.597829 0.0897821 0.483419 0.123738 0.0487167 0.010406 1.82991 0.168096 -9.43759
1.5 0.123387 0.0187922 0.226633 0.0340324 0.323676 0.0554565 0.369793 0.0856443 0.477286 0.125365 0.029027 0.0101789 1.52077 0.166247 -7.91681
1.7 0.125141 0.0180921 0.193653 0.0284439 0.352366 0.0539799 0.305779 0.0735635 0.710792 0.180175 0.0345343 0.00935474 1.68773 0.204756 -6.22908
1.9 0.287409 0.0325809 0.520622 0.0539417 0.614986 0.090843 0.64913 0.124512 1.97475 0.343024 0.0642826 0.016975 4.04689 0.381303 -2.18219
