0.1 0.0296698 0.028407 0.0942665 0.0929561 -0.0503569 0.260197 -0.441066 0.561144 -22.5788 1.86956 0.0157507 0.00904139 -22.9463 1.97162 -22.9463
0.3 0.131867 0.0408225 0.325347 0.105899 0.465031 0.187585 0.199364 0.271807 -0.106283 0.404092 0.0281947 0.013365 1.01533 0.534078 -21.931
0.5 0.171281 0.0377473 0.38693 0.0684553 0.517335 0.107942 0.495285 0.116822 0.570942 0.149181 0.0261466 0.0129553 2.14177 0.231657 -19.7892
0.7 0.191733 0.0310241 0.374077 0.0541404 0.704365 0.0908611 0.722529 0.113152 0.966792 0.188176 0.0457625 0.0138115 2.9595 0.245689 -16.8297
0.9 0.135808 0.0255847 0.42592 0.0487383 0.56186 0.070463 0.695074 0.124692 0.952186 0.21382 0.06182 0.0129654 2.77085 0.263177 -14.0589
1.1 0.128965 0.0248478 0.328361 0.0414012 0.497291 0.0674984 0.484899 0.0838694 1.02707 0.195928 0.0625175 0.0128973 2.46659 0.228712 -11.5923
1.3 0.111402 0.0203511 0.254904 0.0381215 0.411354 0.0599002 0.642636 0.0967118 0.51635 0.133166 0.0492492 0.0106627 1.93665 0.180394 -9.65566
1.5 0.109235 0.0190351 0.237637 0.0358505 0.278127 0.0561235 0.351558 0.0800225 0.427099 0.114247 0.0373545 0.0107147 1.40366 0.155735 -8.252
1.7 0.110187 0.0186534 0.193596 0.0292964 0.393779 0.0588784 0.344624 0.0816874 0.615217 0.171869 0.0332248 0.00954776 1.6574 0.2022 -6.5946
1.9 0.263855 0.0317605 0.484441 0.0570467 0.543216 0.0885729 0.633711 0.129804 1.77972 0.317495 0.0489251 0.0174781 3.70495 0.360223 -2.88966
