0.1 0.0157575 0.0241799 0.144085 0.0772647 -0.261825 0.205927 -1.36873 0.444127 -11.5641 1.81322 0.0101621 0.00727829 -13.0348 1.87988 -13.0348
0.3 0.0601139 0.0327513 0.161635 0.0896771 0.148054 0.182135 -0.0243713 0.318106 -0.625664 0.822168 0.0110152 0.0118401 -0.280233 0.905228 -13.315
0.5 0.0470387 0.0333361 0.154894 0.0727156 0.0798472 0.125927 0.04645 0.196377 -0.598673 0.37064 0.00661192 0.0125981 -0.270443 0.44519 -13.5855
0.7 0.0703685 0.0254773 0.124411 0.0577549 0.0797062 0.093113 0.00579058 0.133508 0.0318293 0.16942 -0.00264942 0.0115473 0.312106 0.243274 -13.2734
0.9 0.0565057 0.0231257 0.100642 0.0434316 0.0711377 0.0638853 -0.0653732 0.0712801 0.0404956 0.105386 0.024888 0.0111291 0.203408 0.15063 -13.07
1.1 0.0521163 0.0191941 0.137132 0.0341514 0.16412 0.0464875 0.112245 0.0400991 0.0557651 0.0281623 0.0465068 0.0100195 0.521378 0.0780825 -12.5486
1.3 0.100085 0.017981 0.215214 0.0287835 0.317124 0.0425675 0.376873 0.0649317 0.427288 0.106183 0.0413532 0.00903915 1.43658 0.135848 -11.112
1.5 0.0979352 0.0164796 0.256128 0.028757 0.29873 0.043189 0.42377 0.0656447 0.617471 0.119058 0.0193356 0.00856558 1.69403 0.14645 -9.41797
1.7 0.115479 0.0157755 0.212127 0.0247632 0.320111 0.0447485 0.318532 0.0617881 0.686553 0.156932 0.0420039 0.00838952 1.6528 0.176946 -7.76517
1.9 0.300658 0.0274536 0.632082 0.0456383 0.900266 0.0859046 0.939389 0.111668 2.0092 0.300984 0.117882 0.0144286 4.78159 0.336567 -2.98358
