0.1 0.00805064 0.0224284 0.0900595 0.0707867 -0.0926576 0.195684 -0.960526 0.431629 -8.90444 1.72379 0.00384959 0.00678666 -9.85952 1.78929 -9.85952
0.3 0.0403666 0.0311548 0.095934 0.086675 -0.04977 0.173293 0.033622 0.305657 -1.13604 0.797158 0.0090784 0.0113059 -1.01589 0.876014 -10.8754
0.5 0.0438882 0.0321648 0.147023 0.0721423 0.0294415 0.124901 0.0136215 0.201136 -0.69288 0.400415 0.0103032 0.0120003 -0.458905 0.471834 -11.3343
0.7 0.04372 0.0260076 0.04505 0.0583936 0.0119195 0.100583 -0.0460456 0.136896 -0.369857 0.244219 -0.00910346 0.0114477 -0.315213 0.304281 -11.6495
0.9 0.0303943 0.0234428 0.0509601 0.0433879 0.0305556 0.0697903 -0.218127 0.093014 0.0950558 0.134288 0.014867 0.0109615 -0.0111615 0.184357 -11.6607
1.1 0.022141 0.0198498 0.0862062 0.036374 0.0830893 0.0499412 0.0882988 0.0584842 -0.034808 0.0355867 0.032898 0.00996945 0.244927 0.0943293 -11.4158
1.3 0.075285 0.0180651 0.100056 0.0253323 0.0779552 0.0316086 0.00965807 0.0293601 0.0647801 0.0331849 0.0224064 0.00852084 0.327735 0.0626931 -11.088
1.5 0.0687305 0.015127 0.16389 0.0245485 0.269995 0.0408684 0.407491 0.0627611 0.51366 0.107634 0.0359731 0.00808241 1.42377 0.13426 -9.66426
1.7 0.111128 0.0145527 0.223442 0.0235707 0.300171 0.0428224 0.370564 0.0583273 0.654771 0.142231 0.0380054 0.00850553 1.66008 0.161965 -8.00418
1.9 0.322241 0.0259134 0.627441 0.0428409 0.975617 0.0819159 0.876121 0.0967593 1.90476 0.27327 0.119643 0.0134763 4.70618 0.305378 -3.298
