0.1 0.0194544 0.0255716 0.166543 0.0829021 -0.0586582 0.217315 -0.775798 0.469227 -15.4628 1.76949 0.0157433 0.00773165 -16.1112 1.84554 -16.1112
0.3 0.0666482 0.0343613 0.240353 0.0948979 0.26582 0.189798 0.196374 0.312766 0.343958 0.717589 0.0174357 0.0120248 1.11315 0.811767 -14.9981
0.5 0.0929973 0.0344455 0.136603 0.0699797 0.0925972 0.124592 0.0856518 0.183049 -0.614023 0.297091 0.002189 0.0127372 -0.206173 0.378651 -15.2042
0.7 0.0564979 0.0259546 0.156608 0.0492108 0.101587 0.0794632 0.0712541 0.10773 0.040215 0.10412 0.000719505 0.0123436 0.426162 0.178484 -14.7781
0.9 0.0874287 0.0226971 0.179504 0.039756 0.0791431 0.0471966 0.0218938 0.0449564 0.076153 0.0652557 0.0373273 0.0113459 0.444122 0.102969 -14.334
1.1 0.106339 0.0215173 0.275416 0.0383594 0.440626 0.0552832 0.497491 0.0726213 0.896664 0.155885 0.0509554 0.0108922 2.21654 0.185916 -12.1174
1.3 0.127309 0.0182059 0.257478 0.0316952 0.400447 0.0482923 0.513253 0.0710183 0.504778 0.11892 0.0536386 0.00942599 1.80327 0.151175 -10.3142
1.5 0.114607 0.0173097 0.239106 0.0304192 0.296526 0.0458446 0.457501 0.0709576 0.613429 0.120757 0.026665 0.00880668 1.72117 0.151473 -8.59299
1.7 0.124224 0.0165886 0.220125 0.0259131 0.331475 0.0449353 0.272177 0.0589461 0.518361 0.148325 0.0351632 0.00907753 1.46636 0.168644 -7.12663
1.9 0.292461 0.0288577 0.568545 0.049921 0.857972 0.0897745 1.00306 0.134424 2.18904 0.310446 0.102675 0.0149473 4.91108 0.354727 -2.21555
