17.5 19.5856 0.011878
22.5 22.7427 0.0241773
27.5 28.1202 0.0549675
32.5 31.1659 0.331501
37.5 34.2426 0.120437
42.5 39.8082 0.151743
47.5 46.2412 0.219644
52.5 51.9787 0.282982
57.5 57.2258 0.333429
62.5 63.7191 0.456512
67.5 69.4846 0.564276
72.5 74.534 0.728251
77.5 80.1689 0.940381
82.5 84.4512 1.05283
87.5 90.9597 1.12631
92.5 96.1212 1.71417
97.5 104.133 1.41736
102.5 104.193 2.21302
107.5 112.576 1.87877
112.5 117.756 2.68638
117.5 111.511 6.76503
122.5 121.744 2.22412
127.5 128.814 2.7313
132.5 133.354 3.01869
137.5 139.967 2.96607
142.5 147.769 -nan
147.5 154.719 4.02401
152.5 160.646 -nan
157.5 0 0
162.5 178.629 -nan
167.5 0 0
172.5 0 0
177.5 201.672 -nan
182.5 0 0
187.5 0 0
192.5 204.724 -nan
197.5 0 0
202.5 212.553 -nan
207.5 0 0
212.5 0 0
217.5 0 0
222.5 0 0
227.5 0 0
232.5 256.092 -nan
237.5 0 0
242.5 0 0
247.5 0 0
252.5 0 0
257.5 0 0
262.5 0 0
267.5 0 0
272.5 0 0
277.5 0 0
282.5 0 0
287.5 0 0
292.5 0 0
297.5 0 0
