17.5 1.37209 0.00153686
22.5 1.13601 0.00151678
27.5 1.02432 0.00190618
32.5 0.98949 0.00255086
37.5 0.987398 0.00314482
42.5 0.994679 0.00360248
47.5 0.995389 0.00387215
52.5 0.992623 0.00440615
57.5 0.989893 0.0055325
62.5 0.974811 0.00657289
67.5 0.974032 0.00670499
72.5 0.980871 0.00827009
77.5 0.973888 0.00760193
82.5 0.962728 0.0129705
87.5 0.963714 0.0115746
92.5 0.987363 0.0136962
97.5 0.98599 0.0198965
102.5 0.945428 0.0212478
107.5 0.982438 0.0147268
112.5 0.993114 0.0202521
117.5 0.929497 0.0263409
122.5 1.01848 0.0193755
127.5 0.991136 0.0285236
132.5 0.982153 0.0210998
137.5 0.976573 0.0342851
142.5 0.971888 -nan
147.5 1.00696 -nan
152.5 1.00446 -nan
157.5 0.982888 -nan
162.5 0.998306 -nan
167.5 0 0
172.5 0 0
177.5 0.9309 -nan
182.5 0 0
187.5 0 0
192.5 0 0
197.5 0 0
202.5 0.931383 0.0202846
207.5 0 0
212.5 0.971365 -nan
217.5 0 0
222.5 0 0
227.5 0 0
232.5 0 0
237.5 0 0
242.5 0 0
247.5 0 0
252.5 0 0
257.5 0.888766 -nan
262.5 0 0
267.5 0 0
272.5 0 0
277.5 0 0
282.5 0 0
287.5 0 0
292.5 0 0
297.5 0 0
