17.5 0 0
22.5 21.1377 0.0234945
27.5 24.8617 0.041674
32.5 27.051 0.161714
37.5 29.9733 0.084977
42.5 34.9197 0.120989
47.5 40.9388 0.173793
52.5 47.2956 0.242466
57.5 53.2939 0.291712
62.5 58.5542 0.410995
67.5 64.3611 0.464243
72.5 69.7146 0.626586
77.5 74.7267 0.656944
82.5 79.6634 0.899088
87.5 89.3378 1.24129
92.5 91.8429 1.43562
97.5 94.6312 1.50494
102.5 100.911 2.82627
107.5 103.485 1.66896
112.5 112.06 1.71006
117.5 119.794 1.6944
122.5 120.938 4.87458
127.5 126.524 2.98283
132.5 130.335 2.94086
137.5 134.269 5.94886
142.5 136.172 -nan
147.5 147.769 -nan
152.5 150.695 -nan
157.5 158.743 -nan
162.5 160.646 -nan
167.5 178.629 -nan
172.5 0 0
177.5 0 0
182.5 201.672 -nan
187.5 0 0
192.5 204.724 -nan
197.5 0 0
202.5 0 0
207.5 212.553 -nan
212.5 0 0
217.5 0 0
222.5 0 0
227.5 256.092 -nan
232.5 0 0
237.5 0 0
242.5 0 0
247.5 0 0
252.5 0 0
257.5 0 0
262.5 0 0
267.5 0 0
272.5 0 0
277.5 0 0
282.5 0 0
287.5 0 0
292.5 0 0
297.5 0 0
