0.1 1.18609 0.0104481
0.3 0.954557 0.0132298
0.5 0.819418 0.0138973
0.7 0.787313 0.0143433
0.9 0.767971 0.0145189
1.1 0.727213 0.0141816
1.3 0.709152 0.0142567
1.5 0.714368 0.0146494
1.7 0.655809 0.01409
1.9 0.649305 0.0145249
2.1 0.624502 0.014961
2.3 0.618538 0.0159272
2.5 0.638982 0.0176885
2.7 0.643659 0.0196279
2.9 0.716671 0.0237425
3.1 0.759045 0.0289325
3.3 0.835679 0.0356376
3.5 0.911604 0.0439232
3.7 0.836288 0.0508259
3.9 0.936665 0.0668538
4.1 0.956147 0.0858859
4.3 1.1569 0.13383
4.5 1.19626 0.180342
4.7 1.16107 0.283726
4.9 1.7592 0.553025
5.1 1.49532 1.00309
5.3 1.67476 0.980638
5.5 1.19626 1.69176
