-0.9 0.840804 0.306032
-0.7 1.01867 0.199267
-0.5 1.21039 0.151032
-0.3 1.06822 0.0924516
-0.1 0.924312 0.0464944
0.1 0.893713 0.0118227
0.3 1.07161 0.0155496
0.5 1.04819 0.0157118
0.7 0.974686 0.0153672
0.9 0.916982 0.0152565
1.1 0.849026 0.0148759
1.3 0.799107 0.0145312
1.5 0.761238 0.0142996
1.7 0.707263 0.0140491
1.9 0.698845 0.0143394
2.1 0.676769 0.0144017
2.3 0.658407 0.0149488
2.5 0.684287 0.0164965
2.7 0.696357 0.018257
2.9 0.692849 0.0200331
3.1 0.762129 0.0246712
3.3 0.855415 0.0309288
3.5 0.938921 0.0390944
3.7 1.00177 0.0480704
3.9 1.24048 0.0651858
4.1 1.45593 0.0949641
4.3 1.58671 0.129819
4.5 1.20731 0.145631
4.7 1.89181 0.347052
4.9 1.53839 0.38534
5.1 1.55225 0.592776
5.3 3.10451 2.10176
5.5 0.582095 0.712918
