17.5 1.12278 0.000760969
22.5 0.976645 0.000529564
27.5 0.934665 0.000468104
32.5 0.939727 0.000444051
37.5 0.960916 0.000379616
42.5 0.973651 0.000317579
47.5 0.983138 0.000291214
52.5 0.993484 0.000293868
57.5 0.999094 0.000313799
62.5 0.999658 0.000356542
67.5 0.999477 0.000410122
72.5 1.00108 0.000456678
77.5 0.999625 0.000543206
82.5 1.00009 0.000627748
87.5 1.00013 0.000705632
92.5 0.999763 0.000844563
97.5 1.00031 0.000971577
102.5 0.999833 0.00105871
107.5 1.00068 0.00126041
112.5 0.999078 0.00149666
117.5 1.00224 0.00150174
122.5 0.997296 0.00195495
127.5 0.999278 0.00210658
132.5 1.00021 0.00203749
137.5 0.998824 0.00264238
142.5 0.996624 0.00335161
147.5 0.998795 0.00342905
152.5 0.99817 0.00370068
157.5 0.993229 0.00459143
162.5 1.00214 0.00222657
167.5 1.00002 0.00422293
172.5 1.00119 0.00480617
177.5 0.989712 0.00695465
182.5 1.00872 0.00185129
187.5 0.994817 0.00663521
192.5 1.00635 0.00299389
197.5 1.00303 0.00292122
202.5 1.00257 0.00324565
207.5 1.00244 0.00269293
212.5 0.986413 0.0116118
217.5 1.0084 0.00367069
222.5 0.994755 0.00455823
227.5 0.992899 0.00589409
232.5 0.997595 0.00446671
237.5 0.997831 0.00311292
242.5 0.994977 0.00717816
247.5 0.992111 0.00379702
252.5 0.995588 0.00381577
257.5 1.00025 0.00361275
262.5 0.99731 0.00586375
267.5 0.990701 0.00347984
272.5 0.997787 0.00848336
277.5 1.00327 0.012718
282.5 0.973754 0.0131526
287.5 0.956741 0.0515752
292.5 0.975913 -nan
297.5 0.98526 0.00296923
