17.5 1.12241 0.000753181
22.5 0.97644 0.000525474
27.5 0.934504 0.000465334
32.5 0.93958 0.000442078
37.5 0.960684 0.000377764
42.5 0.972667 0.000313157
47.5 0.978499 0.000279371
52.5 0.981603 0.000276916
57.5 0.982175 0.000300539
62.5 0.981363 0.00034581
67.5 0.980827 0.000399114
72.5 0.982201 0.000445209
77.5 0.980675 0.000529838
82.5 0.981059 0.000612872
87.5 0.98106 0.000689232
92.5 0.980721 0.000825087
97.5 0.9813 0.000949587
102.5 0.980907 0.00103519
107.5 0.981862 0.00123348
112.5 0.980462 0.0014646
117.5 0.983729 0.00147351
122.5 0.979124 0.00191565
127.5 0.981329 0.00206612
132.5 0.982537 0.00200116
137.5 0.981557 0.00259316
142.5 0.979802 0.00329029
147.5 0.98234 0.00337227
152.5 0.98219 0.00364375
157.5 0.977791 0.0045236
162.5 0.987055 0.00222
167.5 0.985599 0.00417391
172.5 0.987432 0.00475189
177.5 0.976677 0.00688663
182.5 0.996223 0.00187911
187.5 0.982982 0.00657363
192.5 0.995308 0.00305328
197.5 0.992771 0.00298133
202.5 0.993109 0.00332096
207.5 0.993809 0.00276491
212.5 0.978565 0.0115346
217.5 1.00173 0.00378695
222.5 0.988522 0.00471356
227.5 0.98757 0.00608244
232.5 0.993365 0.00465612
237.5 0.994596 0.00324277
242.5 0.992591 0.00748739
247.5 0.990575 0.00397008
252.5 0.99512 0.0039972
257.5 1.00093 0.00380358
262.5 0.998864 0.00617247
267.5 0.992888 0.0036403
272.5 1.00146 0.00890013
277.5 1.00841 0.0134643
282.5 0.978321 0.0138724
287.5 0.961503 0.0543633
292.5 0.982158 -nan
297.5 0.993322 0.00325712
