0.025 14.795 0.179827 12.9268 0.203413
0.075 3.09386 0.11256 3.69685 0.111103
0.125 1.00572 0.0518625 1.48643 0.0639189
0.175 0.549628 0.0430903 0.829119 0.0374394
0.225 0.335006 0.0196692 0.598008 0.0236274
0.275 0.220752 0.0128156 0.462829 0.0174473
0.325 0.139989 0.0103104 0.553471 0.0280986
0.375 0.139908 0.00927327 0.603193 0.03553
0.425 0.142043 0.00964448 0.598755 0.0324699
0.475 0.124495 0.00893131 0.551754 0.0290515
0.55 0.114017 0.0095807 0.600949 0.0393848
0.65 0.0996831 0.00841885 0.56705 0.0277984
0.75 0.0873491 0.0107743 0.84516 0.268104
0.9 0.0683909 0.00614339 0.559716 0.0250909
