0.1 1.20877 1.16762
0.3 0.978632 0.941166
0.5 0.855196 0.815808
0.7 0.833237 0.751234
0.9 0.800364 0.733018
1.1 0.768404 0.707315
1.3 0.760438 0.67692
1.5 0.716593 0.633316
1.7 0.668955 0.606742
1.9 0.652854 0.57274
2.1 0.640195 0.556677
2.3 0.627345 0.541832
2.5 0.596892 0.53673
2.7 0.621489 0.522827
2.9 0.63955 0.531077
3.1 0.647155 0.575703
3.3 0.700363 0.600348
3.5 0.759522 0.592274
3.7 0.752328 0.617156
3.9 0.79534 0.609585
4.1 0.84946 0.67126
4.3 0.862205 0.604383
4.5 1.02999 0.603174
4.7 1.27769 0.49985
4.9 1.28095 0.451925
5.1 1.3981 0.317348
5.3 3.04234 0.0775093
5.5 1.15442 0.180735
5.5 1.15442 0.180735
