0.1 1.17606 1.12513
0.3 0.978636 0.942495
0.5 0.909826 0.851753
0.7 0.888518 0.816784
0.9 0.849718 0.77937
1.1 0.844925 0.760129
1.3 0.809204 0.75067
1.5 0.800543 0.696883
1.7 0.792381 0.667687
1.9 0.73136 0.650647
2.1 0.74997 0.646257
2.3 0.700271 0.612845
2.5 0.699734 0.595626
2.7 0.720907 0.599993
2.9 0.725835 0.617492
3.1 0.751187 0.625254
3.3 0.749052 0.69117
3.5 0.840845 0.64974
3.7 0.819888 0.638081
3.9 0.84633 0.704842
4.1 0.962907 0.648322
4.3 0.935013 0.658473
4.5 1.13319 0.712002
4.7 1.54374 0.734842
4.9 1.29853 0.587926
5.1 2.08112 0.523738
5.3 2.45215 0.294737
5.5 2.45305 -0.047775
5.5 1.49269 0.0410311
