0.1 0.553874 0.0770986 0.727147 0.164942 -0.431319 0.322142 -2.759 0.761973 -36.1984 2.95656 0.177497 0.0331515 -38.1077 3.07551 -38.1077
0.3 1.82072 0.15793 2.47327 0.231379 -0.0205696 0.213899 -0.386203 0.271495 -0.812269 0.499232 0.603812 0.0570591 3.07495 0.66871 -35.0328
0.5 2.22708 0.182154 2.80094 0.251331 0.921105 0.145184 0.0376048 0.0671558 -0.0522379 0.133361 0.73644 0.0705315 5.93449 0.373793 -29.0983
0.7 2.50977 0.213232 2.60209 0.207165 0.782565 0.114524 0.0340774 0.0722136 0.353985 0.225136 0.837054 0.0692391 6.28248 0.396739 -22.8158
0.9 2.35007 0.175803 2.41444 0.179458 0.770472 0.114286 0.190955 0.0843141 0.461588 0.241518 0.86477 0.074621 6.18753 0.376315 -16.6283
1.1 1.66053 0.133435 1.60059 0.145738 0.447505 0.0912037 0.0874492 0.0969286 0.403765 0.277415 0.75329 0.0664013 4.19984 0.365673 -12.4284
1.3 1.17753 0.108395 0.954661 0.107375 0.369564 0.0796631 0.069052 0.0628688 -0.175543 0.116548 0.593905 0.0516549 2.39527 0.217165 -10.0332
1.5 0.643734 0.0756166 0.520893 0.0867475 0.170047 0.0691797 -0.0371684 0.0381173 -0.0378749 0.0378749 0.436878 0.0440279 1.25963 0.144625 -8.77353
1.7 0.436732 0.0526887 0.386787 0.0773423 0.0582673 0.041199 0.136055 0.0537141 0.157951 0.130419 0.2741 0.0332961 1.17579 0.174211 -7.59773
1.9 0.679472 0.120622 0.425756 0.128918 0.0827914 0.102051 0.262548 0.130553 0.619 0.373573 0.36031 0.0494769 2.06957 0.445179 -5.52817
