0.1 0.468253 0.04606 0.383613 0.0829399 -1.02003 0.165874 -3.53429 0.345123 -25.4869 1.45085 0.153406 0.0157599 -29.1893 1.50353 -29.1893
0.3 1.4582 0.0854803 1.70264 0.130058 0.0192069 0.136617 -0.911715 0.196991 -1.80189 0.557959 0.470308 0.0304579 0.466438 0.626905 -28.7229
0.5 2.10212 0.113207 2.48003 0.146338 0.550879 0.10808 -0.467262 0.127049 -0.656325 0.272231 0.636776 0.038617 4.00944 0.369003 -24.7134
0.7 2.36005 0.118229 2.34769 0.136361 0.572688 0.084595 -0.19983 0.0778734 -0.297355 0.17072 0.827328 0.0448866 4.78324 0.273748 -19.9302
0.9 2.10828 0.104045 2.14515 0.120083 0.445817 0.0749515 -0.125905 0.0532283 -0.24305 0.087963 0.789662 0.0430892 4.33029 0.203553 -15.5999
1.1 1.64242 0.0809294 1.29939 0.0860912 0.36379 0.0510604 -0.0573049 0.0344719 -0.0676282 0.0452384 0.641657 0.0366587 3.18066 0.140724 -12.4193
1.3 1.09489 0.0583434 0.86609 0.0609499 0.197318 0.0398783 0.0169315 0.0106667 0 0 0.504265 0.0302962 2.17523 0.0939303 -10.244
1.5 0.66756 0.0428165 0.578279 0.0477201 0.216444 0.0310578 0.0292911 0.0136315 0.0616538 0.0561125 0.357037 0.0224048 1.55323 0.0917032 -8.69079
1.7 0.409094 0.0318963 0.359943 0.0400793 0.0977658 0.0233431 0.0451789 0.0169267 0.145709 0.0644164 0.261507 0.0182841 1.05769 0.0872044 -7.6331
1.9 0.984173 0.0690516 1.00651 0.0826203 0.404775 0.0571402 0.219166 0.0484419 0.711664 0.188842 0.441688 0.029087 3.32629 0.229929 -4.30681
