0.1 0.482655 0.0832385 0.813963 0.173092 -0.102447 0.380123 -1.39219 0.920368 -37.277 3.46897 0.21328 0.0379272 -37.475 3.61417 -37.475
0.3 1.53087 0.18548 2.10997 0.276894 -0.035459 0.221875 -0.503164 0.238889 -0.777894 0.333719 0.542589 0.0660405 2.32432 0.573357 -35.1507
0.5 2.17193 0.209749 2.59178 0.268156 0.988445 0.161723 0.185239 0.134906 0.423321 0.216812 0.722012 0.0750561 6.36072 0.455262 -28.79
0.7 2.19605 0.233344 2.4416 0.249662 0.918194 0.137424 0.0943372 0.0871952 0.394405 0.277724 0.723325 0.0728624 6.04459 0.469468 -22.7454
0.9 2.00781 0.188351 2.34437 0.214697 0.644839 0.124609 0.229042 0.104469 0.61779 0.32129 0.824173 0.0839457 5.84385 0.459608 -16.9015
1.1 1.56856 0.141282 1.6079 0.164679 0.45878 0.0996514 0.187868 0.132806 0.684889 0.381775 0.707091 0.0755342 4.50799 0.469467 -12.3935
1.3 1.19944 0.111021 0.999338 0.131012 0.31654 0.0799458 0.0732385 0.0713639 -0.0425313 0.0425313 0.638269 0.0562151 2.54602 0.20684 -9.8475
1.5 0.663548 0.0948365 0.527203 0.111095 0.198693 0.0886544 -0.00574702 0.036512 0 0 0.337673 0.0452656 1.3837 0.174725 -8.46381
1.7 0.430035 0.0646735 0.389205 0.0783795 0.0786784 0.047046 0.058949 0.0449878 0.16345 0.120766 0.281838 0.0381251 1.12032 0.170727 -7.34349
1.9 0.531938 0.13891 0.518641 0.1629 0.0646132 0.0734873 0.275491 0.136964 0.790516 0.416956 0.364289 0.0570732 2.1812 0.493806 -5.16229
