0.1 0.543136 0.0936396 0.725709 0.194327 0.070601 0.421226 -0.816287 1.02481 -38.8351 3.69265 0.200961 0.0405784 -38.3119 3.86133 -38.3119
0.3 1.50668 0.197446 1.9849 0.271928 0.0659183 0.23388 -0.0350449 0.195318 0.183703 0.226053 0.496156 0.0666217 3.70615 0.506832 -34.6058
0.5 2.08692 0.2332 2.40823 0.282212 0.897377 0.183971 0.251796 0.204568 0.496451 0.253859 0.675408 0.0875347 6.14077 0.523607 -28.465
0.7 2.11938 0.246558 2.29602 0.234891 0.925531 0.177966 -0.0345092 0.066927 0.230593 0.296286 0.699075 0.0790757 5.53701 0.489797 -22.928
0.9 2.02944 0.20461 1.99618 0.218706 0.58672 0.135722 0.238745 0.118935 0.724936 0.376249 0.74351 0.0852143 5.57602 0.513641 -17.352
1.1 1.23949 0.151111 1.23518 0.175041 0.344776 0.0989919 0.143177 0.145823 0.679608 0.430939 0.705571 0.0808027 3.64224 0.519852 -13.7097
1.3 0.889816 0.126161 0.983063 0.128981 0.340009 0.0996513 0.0856551 0.0835714 0 0 0.46889 0.0611603 2.29854 0.222412 -11.4112
1.5 0.52422 0.0927718 0.548542 0.127674 0.113071 0.112158 -0.00652852 0.04276 -0.0496436 0.0496436 0.348961 0.050831 1.12966 0.204401 -10.2815
1.7 0.367646 0.0720272 0.416074 0.083689 0.0422467 0.0521743 0.0415856 0.0449771 0.0670877 0.0676232 0.241792 0.0397865 0.93464 0.146662 -9.34689
1.9 0.476477 0.169215 0.51298 0.157108 0.0483383 0.0851333 0.320198 0.180703 1.09409 0.556148 0.270805 0.0702927 2.45209 0.634443 -6.8948
