-1.25 -0.506931 0.0258692 -1.25 0.966337 0.0357168 0.332673 0.0209564
-0.9 -0.158416 0.0228654 -0.9375 0.718152 0.061581 0.0158416 0.00914614
-0.7 0.115512 0.019525 -0.8125 0.517492 0.0522746 -0.0950495 0.0224034
-0.5 0.590759 0.0441554 -0.6875 0.554455 0.0541093 -0.279868 0.0384428
-0.35 1.61056 0.103106 -0.5625 0.464686 0.0495357 -0.332673 0.0419129
-0.25 2.21782 0.120992 -0.4375 0.908251 0.0692535 -0.464686 0.0495357
-0.15 3.19472 0.145215 -0.3125 1.40462 0.0861228 -0.390759 0.0454248
0 4.65677 0.123971 -0.1875 2.26535 0.109372 -0.422442 0.0472305
0.15 3.49175 0.151815 0 3.47723 0.0958165 -0.493729 0.0361051
0.25 2.17162 0.119725 0.1875 2.32343 0.110765 -0.549175 0.053851
0.35 1.50495 0.0996678 0.3125 0.913531 0.0694545 -0.60198 0.0563806
0.5 0.264026 0.029519 0.4375 0.739274 0.0624801 -0.443564 0.0483968
0.7 -0.0594059 0.0140021 0.5625 0.427723 0.0475248 -0.438284 0.0481079
0.9 -0.237624 0.0280042 0.6875 0.565017 0.0546222 -0.242904 0.0358143
1.25 -0.364356 0.0219317 0.8125 0.781518 0.0642404 -0.184818 0.03124
0 -nan -nan 0.9375 0.760396 0.0633663 0.0316832 0.0129346
0 -nan -nan 1.25 1.07063 0.0375948 0.314191 0.020366
