0.025 14.1775 0.321571 12.2781 0.318047
0.075 3.75008 0.163313 4.33161 0.18301
0.125 0.971317 0.060089 1.41188 0.0874642
0.175 0.546473 0.0489039 0.803337 0.0458543
0.225 0.351527 0.0281715 0.617334 0.030362
0.275 0.203079 0.0162922 0.557731 0.0261815
0.325 0.179442 0.0149416 0.538567 0.0260331
0.375 0.149612 0.0120007 0.557366 0.0257289
0.425 0.132417 0.0114118 0.592716 0.0314915
0.475 0.116904 0.0115125 0.636308 0.036393
0.55 0.0997639 0.00940464 0.610059 0.0250496
0.65 0.0908426 0.00929859 0.625153 0.0300252
0.75 0.0802645 0.00892691 0.612419 0.027885
0.9 0.0672477 0.008319 0.592315 0.0252578
