17.5 1.42913 0.00173358
22.5 1.19041 0.00176597
27.5 1.07543 0.0021597
32.5 1.02562 0.00273391
37.5 1.02002 0.00334378
42.5 1.01587 0.00385417
47.5 1.00622 0.00417226
52.5 1.0054 0.00464689
57.5 0.999798 0.00561774
62.5 0.977551 0.00632041
67.5 0.979071 0.0065388
72.5 0.977847 0.00890425
77.5 0.983143 0.00849932
82.5 0.951418 0.0114316
87.5 0.965974 0.0110976
92.5 0.987646 0.0150943
97.5 0.94534 0.0219301
102.5 0.977409 0.0149536
107.5 0.953023 0.0193661
112.5 0.963361 0.0205809
117.5 0.969518 0.034885
122.5 0.98986 0.0386672
127.5 0.976212 0.0298005
132.5 0.974392 0.0303487
137.5 0.983062 0.0156143
142.5 0.943649 0.0419919
147.5 0 0
152.5 1.01384 0.005272
157.5 1.00331 -nan
162.5 1.02403 -nan
167.5 0 0
172.5 0 0
177.5 0.982614 -nan
182.5 0 0
187.5 0 0
192.5 0 0
197.5 0 0
202.5 0 0
207.5 0.856957 0.00765651
212.5 0 0
217.5 0 0
222.5 0 0
227.5 0.960323 -nan
232.5 0 0
237.5 0 0
242.5 0 0
247.5 0 0
252.5 0 0
257.5 0.932959 -nan
262.5 0 0
267.5 0 0
272.5 0 0
277.5 0 0
282.5 0 0
287.5 0 0
292.5 0 0
297.5 0 0
