17.5 0 0
22.5 21.0479 0.0240393
27.5 24.2483 0.0396191
32.5 25.8892 0.178362
37.5 27.8052 0.0756806
42.5 32.4413 0.105803
47.5 37.9825 0.164817
52.5 44.0576 0.226806
57.5 50.8865 0.305058
62.5 56.1369 0.400925
67.5 61.9742 0.50137
72.5 68.5397 0.621792
77.5 74.2166 0.847135
82.5 79.1628 0.901339
87.5 83.8311 1.23916
92.5 90.4459 1.62221
97.5 98.2043 1.42814
102.5 103.013 2.33651
107.5 107.063 1.97099
112.5 109.507 3.68684
117.5 114.534 4.095
122.5 121.831 5.51287
127.5 124.731 1.70929
132.5 132.571 3.52064
137.5 130.439 5.01666
142.5 137.71 -nan
147.5 143.752 -nan
152.5 150.885 0.190204
157.5 159.282 -nan
162.5 0 0
167.5 161.966 -nan
172.5 205.938 -nan
177.5 193.523 14.6079
182.5 0 0
187.5 0 0
192.5 0 0
197.5 0 0
202.5 0 0
207.5 0 0
212.5 0 0
217.5 225.088 -nan
222.5 0 0
227.5 0 0
232.5 0 0
237.5 0 0
242.5 258.075 -nan
247.5 0 0
252.5 0 0
257.5 0 0
262.5 0 0
267.5 0 0
272.5 0 0
277.5 0 0
282.5 0 0
287.5 0 0
292.5 0 0
297.5 0 0
