2.5 0.438969 0.00466982
7.5 0.705428 0.00246725
12.5 0.82495 0.00152957
17.5 0.874936 0.00120839
22.5 0.90262 0.0010068
27.5 0.920455 0.000914697
32.5 0.93158 0.000851169
37.5 0.941704 0.000762606
42.5 0.947218 0.000719095
47.5 0.952218 0.000693358
52.5 0.957587 0.000632977
57.5 0.96112 0.000615464
62.5 0.962622 0.000586609
67.5 0.964206 0.000561547
72.5 0.966887 0.000531883
77.5 0.969244 0.000510559
82.5 0.970456 0.000487044
87.5 0.972893 0.000464396
92.5 0.974168 0.000422166
97.5 0.97654 0.000406848
102.5 0.979104 0.000276289
107.5 0.980114 0.000309827
112.5 0.981427 0.000331905
117.5 0.982549 0.000342037
122.5 0.98343 0.000383209
127.5 0.983533 0.00043224
132.5 0.984983 0.00042556
137.5 0.985687 0.000505047
142.5 0.986113 0.00055444
147.5 0.986898 0.000525636
152.5 0.985746 0.000678262
157.5 0.987715 0.00067204
162.5 0.987701 0.000678335
167.5 0.988824 0.000661526
172.5 0.990262 0.000647732
177.5 0.989457 0.000691078
182.5 0.989604 0.000932542
187.5 0.98865 0.000975149
192.5 0.989792 0.000825847
197.5 0.99039 0.00106132
