-0.9 1.11665 0.390383
-0.7 1.22034 0.236207
-0.5 1.21236 0.156711
-0.3 1.23431 0.106718
-0.1 1.01622 0.0517526
0.1 0.824506 0.0116492
0.3 1.06894 0.0161496
0.5 1.09249 0.0168049
0.7 1.01926 0.0164884
0.9 0.935064 0.0160901
1.1 0.885602 0.0159991
1.3 0.810589 0.0152793
1.5 0.777725 0.0151624
1.7 0.717731 0.0147765
1.9 0.676035 0.0146908
2.1 0.658621 0.0147969
2.3 0.633239 0.0152682
2.5 0.600799 0.0158883
2.7 0.60799 0.0173996
2.9 0.603671 0.0190211
3.1 0.60535 0.0222252
3.3 0.64964 0.0267154
3.5 0.676172 0.0323831
3.7 0.721083 0.0399542
3.9 0.710073 0.045537
4.1 0.839889 0.0661817
4.3 0.861413 0.0844332
4.5 0.757378 0.107288
4.7 1.33998 0.267995
4.9 0.622132 0.208797
5.1 1.00498 0.443155
5.3 0.893317 0.815483
5.5 0.669988 0.820564
