2.5 0.414384 0.00457359
7.5 0.682204 0.0027945
12.5 0.806712 0.00211141
17.5 0.863041 0.00175607
22.5 0.892719 0.00148663
27.5 0.913215 0.00132057
32.5 0.923634 0.00124717
37.5 0.934653 0.00115014
42.5 0.941357 0.00107492
47.5 0.945426 0.00102734
52.5 0.949598 0.000974544
57.5 0.953583 0.000879227
62.5 0.95571 0.000889431
67.5 0.958841 0.000830449
72.5 0.958474 0.000872063
77.5 0.961617 0.000780437
82.5 0.963489 0.000768602
87.5 0.965299 0.000736271
92.5 0.96632 0.000683082
97.5 0.96779 0.000670597
102.5 0.967022 0.00055082
107.5 0.969805 0.000568452
112.5 0.971868 0.000600582
117.5 0.974153 0.000634161
122.5 0.974525 0.000732246
127.5 0.976237 0.000754034
132.5 0.978169 0.00077012
137.5 0.97735 0.000850039
142.5 0.978653 0.000924368
147.5 0.980606 0.00094247
152.5 0.980449 0.00108106
157.5 0.982913 0.00117725
162.5 0.983012 0.00112957
167.5 0.98442 0.00124122
172.5 0.98379 0.0015311
177.5 0.984674 0.00141533
182.5 0.983806 0.00166575
187.5 0.985372 0.00170615
192.5 0.98465 0.00132575
197.5 0.986423 0.00193257
