0.025 14.4188 0.152968 12.3779 0.163975
0.075 3.21285 0.0927045 4.05482 0.100152
0.125 1.18585 0.0551101 1.57063 0.0535181
0.175 0.613353 0.0299076 0.86551 0.0328464
0.225 0.361944 0.016839 0.662595 0.0232593
0.275 0.207177 0.00978669 0.468538 0.0174259
0.325 0.158383 0.00808159 0.514432 0.0236975
0.375 0.140037 0.00852049 0.555369 0.0286199
0.425 0.128303 0.00809696 0.555504 0.0276619
0.475 0.108284 0.00794054 0.511982 0.0217483
0.55 0.102638 0.00838837 0.508054 0.0191584
0.65 0.0906361 0.00701263 0.510517 0.0197997
0.75 0.0772868 0.00599947 0.464797 0.0182286
0.9 0.061185 0.0048768 0.439862 0.0139641
