-1.25 0.995413 0.0390133 -1.25 1.79052 0.052324 0.614679 0.0306574
-0.9 1.68196 0.0801842 -0.9375 2.35474 0.120009 0.409786 0.0500633
-0.7 2.53823 0.0985023 -0.8125 2.80734 0.131035 0.525994 0.0567194
-0.5 4.05199 0.124456 -0.6875 3.35168 0.143177 0.507645 0.0557213
-0.35 5.32875 0.201841 -0.5625 3.53517 0.147044 0.562691 0.0586646
-0.25 6.9419 0.230375 -0.4375 4.27523 0.161704 0.721713 0.066439
-0.15 8.77676 0.259038 -0.3125 5.38226 0.181436 0.593272 0.0602377
0 11.3761 0.208535 -0.1875 7.42508 0.213104 0.685015 0.0647279
0.15 9.64067 0.271487 0 9.9633 0.174553 0.629969 0.043892
0.25 6.94954 0.230502 0.1875 7.59021 0.215461 0.874618 0.0731392
0.35 5.58104 0.206564 0.3125 5.63303 0.185615 0.66055 0.0635615
0.5 1.75459 0.0818971 0.4375 4.77064 0.170816 0.672783 0.0641473
0.7 2.48853 0.0975333 0.5625 3.82875 0.153027 0.70948 0.0658736
0.9 1.54434 0.0768339 0.6875 3.25382 0.141071 0.697248 0.0653032
1.25 0.847095 0.0359896 0.8125 2.70948 0.128731 0.593272 0.0602377
0 -nan -nan 0.9375 2.23853 0.11701 0.623853 0.0617707
0 -nan -nan 1.25 1.78899 0.0523016 0.542813 0.0288095
