2.5 0.297758 0.0042527
7.5 0.550095 0.00289048
12.5 0.729961 0.00198636
17.5 0.810178 0.00155545
22.5 0.853992 0.00130077
27.5 0.881752 0.00116366
32.5 0.898975 0.00108485
37.5 0.913815 0.00097918
42.5 0.924477 0.000911375
47.5 0.930807 0.000872423
52.5 0.937607 0.000803859
57.5 0.942444 0.000785465
62.5 0.946333 0.000730672
67.5 0.948964 0.000715873
72.5 0.952479 0.000685704
77.5 0.955828 0.000630816
82.5 0.959061 0.000619654
87.5 0.962259 0.000571127
92.5 0.963431 0.000527417
97.5 0.966276 0.000504211
102.5 0.970734 0.000354967
107.5 0.972003 0.000381612
112.5 0.97321 0.000419171
117.5 0.97646 0.000412263
122.5 0.976445 0.000474182
127.5 0.977269 0.000549321
132.5 0.979693 0.00054378
137.5 0.979063 0.000599007
142.5 0.979069 0.000721484
147.5 0.981599 0.000647474
152.5 0.981447 0.000743059
157.5 0.982858 0.000912378
162.5 0.984004 0.000911789
167.5 0.985343 0.000864658
172.5 0.985784 0.000837984
177.5 0.984581 0.0011271
182.5 0.985324 0.00142555
187.5 0.983502 0.00142622
192.5 0.985816 0.00140411
197.5 0.986074 0.0016103
