-49 0.001972 8.88144e-05
-48 0.002156 9.28655e-05
-47 0.002296 9.58332e-05
-46 0.00234 9.67471e-05
-45 0.00242 9.8387e-05
-44 0.002476 9.95188e-05
-43 0.002576 0.000101509
-42 0.002736 0.000104614
-41 0.002508 0.00010016
-40 0.002828 0.000106358
-39 0.003044 0.000110345
-38 0.00314 0.000112071
-37 0.003144 0.000112143
-36 0.003432 0.000117167
-35 0.003308 0.00011503
-34 0.0035 0.000118322
-33 0.003816 0.000123548
-32 0.00392 0.00012522
-31 0.004188 0.00012943
-30 0.004124 0.000128437
-29 0.004804 0.000138622
-28 0.005056 0.000142211
-27 0.005108 0.000142941
-26 0.005344 0.000146205
-25 0.00572 0.000151261
-24 0.005948 0.000154247
-23 0.006344 0.000159298
-22 0.006844 0.000165457
-21 0.007228 0.000170035
-20 0.007776 0.000176363
-19 0.008512 0.000184521
-18 0.00928 0.000192666
-17 0.009368 0.000193577
-16 0.010488 0.000204822
-15 0.0116 0.000215407
-14 0.012868 0.000226874
-13 0.01402 0.000236812
-12 0.015308 0.000247451
-11 0.016776 0.000259044
-10 0.019476 0.000279113
-9 0.022012 0.000296729
-8 0.024228 0.000311307
-7 0.0277 0.000332866
-6 0.032348 0.000359711
-5 0.037676 0.000388206
-4 0.045584 0.000427008
-3 0.054212 0.000465669
-2 0.063628 0.000504492
-1 0.06432 0.000507228
0 0.078184 0.000559228
1 0.015484 0.000248869
2 0.007452 0.00017265
3 0.003532 0.000118861
4 0.001704 8.25591e-05
5 0.000752 5.48452e-05
6 0.000316 3.55528e-05
7 0.000136 2.33238e-05
8 8e-05 1.78885e-05
9 2.8e-05 1.0583e-05
10 1.6e-05 8e-06
11 0 0
12 0 0
13 4e-06 4e-06
14 4e-06 4e-06
15 0 0
16 0 0
17 0 0
18 0 0
19 0 0
20 0 0
21 0 0
22 0 0
23 0 0
24 0 0
25 0 0
26 0 0
27 0 0
28 0 0
29 0 0
30 0 0
31 0 0
32 0 0
33 0 0
34 0 0
35 0 0
36 0 0
37 0 0
38 0 0
39 0 0
40 0 0
41 0 0
42 0 0
43 0 0
44 0 0
45 0 0
46 0 0
47 0 0
48 0 0
49 0 0
50 0 0
