-49 0.001 0.000447214
-48 0.001 0.000447214
-47 0.0002 0.0002
-46 0.0008 0.0004
-45 0.0006 0.00034641
-44 0.0006 0.00034641
-43 0.0012 0.000489898
-42 0.001 0.000447214
-41 0.0002 0.0002
-40 0.002 0.000632456
-39 0.0008 0.0004
-38 0.0008 0.0004
-37 0.0008 0.0004
-36 0.0012 0.000489898
-35 0.001 0.000447214
-34 0.0006 0.00034641
-33 0.001 0.000447214
-32 0.0012 0.000489898
-31 0.001 0.000447214
-30 0.001 0.000447214
-29 0.0012 0.000489898
-28 0.002 0.000632456
-27 0.0026 0.00072111
-26 0.0022 0.000663325
-25 0.0008 0.0004
-24 0.0018 0.0006
-23 0.0022 0.000663325
-22 0.0012 0.000489898
-21 0.0014 0.00052915
-20 0.0016 0.000565685
-19 0.0026 0.00072111
-18 0.0034 0.000824621
-17 0.0018 0.0006
-16 0.0024 0.00069282
-15 0.0022 0.000663325
-14 0.003 0.000774597
-13 0.0028 0.000748331
-12 0.0044 0.000938083
-11 0.0034 0.000824621
-10 0.0038 0.00087178
-9 0.006 0.00109545
-8 0.0046 0.000959166
-7 0.0052 0.0010198
-6 0.0042 0.000916515
-5 0.0048 0.000979796
-4 0.0082 0.00128062
-3 0.0074 0.00121655
-2 0.0112 0.00149666
-1 0.012 0.00154919
0 0.0228 0.00213542
1 0.0024 0.00069282
2 0.0014 0.00052915
3 0.0012 0.000489898
4 0.0002 0.0002
5 0.0004 0.000282843
6 0 0
7 0 0
8 0 0
9 0 0
10 0 0
11 0 0
12 0 0
13 0 0
14 0 0
15 0 0
16 0 0
17 0 0
18 0 0
19 0 0
20 0 0
21 0 0
22 0 0
23 0 0
24 0 0
25 0 0
26 0 0
27 0 0
28 0 0
29 0 0
30 0 0
31 0 0
32 0 0
33 0 0
34 0 0
35 0 0
36 0 0
37 0 0
38 0 0
39 0 0
40 0 0
41 0 0
42 0 0
43 0 0
44 0 0
45 0 0
46 0 0
47 0 0
48 0 0
49 0 0
50 0 0
