-49 0.002 0.0005
-48 0.00275 0.000586302
-47 0.00275 0.000586302
-46 0.00275 0.000586302
-45 0.002625 0.000572822
-44 0.002625 0.000572822
-43 0.003625 0.000673146
-42 0.003625 0.000673146
-41 0.002625 0.000572822
-40 0.003 0.000612372
-39 0.003625 0.000673146
-38 0.00525 0.000810093
-37 0.005 0.000790569
-36 0.003125 0.000625
-35 0.004125 0.00071807
-34 0.004625 0.000760345
-33 0.003875 0.000695971
-32 0.006 0.000866025
-31 0.00525 0.000810093
-30 0.005875 0.000856957
-29 0.0055 0.000829156
-28 0.00825 0.0010155
-27 0.00575 0.000847791
-26 0.00775 0.000984251
-25 0.006625 0.000910014
-24 0.0095 0.00108972
-23 0.009125 0.001068
-22 0.008 0.001
-21 0.010375 0.0011388
-20 0.011875 0.00121835
-19 0.010375 0.0011388
-18 0.01025 0.00113192
-17 0.013875 0.00131696
-16 0.01675 0.00144698
-15 0.017875 0.00149478
-14 0.019875 0.00157619
-13 0.020375 0.00159589
-12 0.02275 0.00168634
-11 0.028625 0.00189159
-10 0.02825 0.00187916
-9 0.03125 0.00197642
-8 0.035125 0.00209538
-7 0.040375 0.00224653
-6 0.0505 0.00251247
-5 0.057875 0.00268968
-4 0.078875 0.00313996
-3 0.096125 0.00346636
-2 0.118125 0.00384261
-1 0.172375 0.00464186
0 0.33625 0.00648315
1 0.022125 0.00166302
2 0.001125 0.000375
3 0 0
4 0.00025 0.000176777
5 0 0
6 0.000125 0.000125
7 0 0
8 0 0
9 0 0
10 0 0
11 0 0
12 0 0
13 0 0
14 0 0
15 0 0
16 0 0
17 0 0
18 0 0
19 0 0
20 0 0
21 0 0
22 0 0
23 0 0
24 0 0
25 0 0
26 0 0
27 0 0
28 0 0
29 0 0
30 0 0
31 0 0
32 0 0
33 0 0
34 0 0
35 0 0
36 0 0
37 0 0
38 0 0
39 0 0
40 0 0
41 0 0
42 0 0
43 0 0
44 0 0
45 0 0
46 0 0
47 0 0
48 0 0
49 0 0
50 0 0
