-49 0.002032 9.01554e-05
-48 0.002272 9.5331e-05
-47 0.002408 9.81428e-05
-46 0.00242 9.8387e-05
-45 0.00242 9.8387e-05
-44 0.002436 9.87117e-05
-43 0.002644 0.00010284
-42 0.002684 0.000103615
-41 0.002852 0.000106808
-40 0.003016 0.000109836
-39 0.003388 0.000116413
-38 0.003292 0.000114752
-37 0.003612 0.0001202
-36 0.003544 0.000119063
-35 0.003896 0.000124836
-34 0.004004 0.000126554
-33 0.004104 0.000128125
-32 0.004512 0.000134343
-31 0.004864 0.000139485
-30 0.005268 0.000145162
-29 0.005504 0.000148378
-28 0.005828 0.000152683
-27 0.006236 0.000157937
-26 0.006632 0.000162874
-25 0.006896 0.000166084
-24 0.007568 0.000173989
-23 0.008056 0.00017951
-22 0.0088 0.000187617
-21 0.008948 0.000189188
-20 0.009668 0.000196652
-19 0.010672 0.000206611
-18 0.011584 0.000215258
-17 0.012768 0.000225991
-16 0.013888 0.000235695
-15 0.015232 0.000246836
-14 0.01646 0.000256593
-13 0.01804 0.000268626
-12 0.018936 0.000275216
-11 0.022576 0.000300506
-10 0.025532 0.000319575
-9 0.029044 0.000340846
-8 0.033268 0.00036479
-7 0.039348 0.000396727
-6 0.04614 0.000429604
-5 0.05604 0.000473455
-4 0.070988 0.000532871
-3 0.092736 0.000609052
-2 0.125404 0.000708249
-1 0.18084 0.000850506
0 0.327592 0.00114471
1 0.022496 0.000299973
2 0.006884 0.00016594
3 0.002468 9.93579e-05
4 0.001088 6.59697e-05
5 0.000456 4.27083e-05
6 0.000196 2.8e-05
7 5.2e-05 1.44222e-05
8 4e-05 1.26491e-05
9 2.4e-05 9.79796e-06
10 8e-06 5.65685e-06
11 4e-06 4e-06
12 0 0
13 0 0
14 0 0
15 0 0
16 0 0
17 0 0
18 0 0
19 0 0
20 0 0
21 0 0
22 0 0
23 0 0
24 0 0
25 0 0
26 0 0
27 0 0
28 0 0
29 0 0
30 0 0
31 0 0
32 0 0
33 0 0
34 0 0
35 0 0
36 0 0
37 0 0
38 0 0
39 0 0
40 0 0
41 0 0
42 0 0
43 0 0
44 0 0
45 0 0
46 0 0
47 0 0
48 0 0
49 0 0
50 0 0
