0.015708 2043 45.1996
0.0471239 1990 44.6094
0.0785398 1992 44.6318
0.109956 1947 44.1248
0.141372 1903 43.6234
0.172788 1902 43.6119
0.204203 1947 44.1248
0.235619 1909 43.6921
0.267035 1884 43.4051
0.298451 1851 43.0232
0.329867 1861 43.1393
0.361283 1887 43.4396
0.392699 1811 42.5558
0.424115 1834 42.8252
0.455531 1708 41.328
0.486947 1809 42.5323
0.518363 1650 40.6202
0.549779 1719 41.4608
0.581195 1658 40.7185
0.61261 1656 40.694
0.644026 1594 39.9249
0.675442 1538 39.2173
0.706858 1561 39.5095
0.738274 1539 39.2301
0.76969 1545 39.3065
0.801106 1445 38.0132
0.832522 1419 37.6696
0.863938 1414 37.6032
0.895354 1317 36.2905
0.92677 1278 35.7491
0.958186 1302 36.0832
0.989601 1236 35.1568
1.02102 1184 34.4093
1.05243 1200 34.641
1.08385 1100 33.1662
1.11527 1072 32.7414
1.14668 1055 32.4808
1.1781 1066 32.6497
1.20951 1030 32.0936
1.24093 982 31.3369
1.27234 987 31.4166
1.30376 917 30.282
1.33518 827 28.7576
1.36659 827 28.7576
1.39801 778 27.8927
1.42942 731 27.037
1.46084 744 27.2764
1.49226 679 26.0576
1.52367 680 26.0768
1.55509 583 24.1454
1.5865 543 23.3024
1.61792 544 23.3238
1.64934 491 22.1585
1.68075 473 21.7486
1.71217 415 20.3715
1.74358 416 20.3961
1.775 374 19.3391
1.80642 333 18.2483
1.83783 315 17.7482
1.86925 253 15.906
1.90066 247 15.7162
1.93208 197 14.0357
1.9635 168 12.9615
1.99491 115 10.7238
2.02633 77 8.77496
2.05774 34 5.83095
2.08916 22 4.69042
2.12057 5 2.23607
2.15199 -48 -nan
2.18341 -62 -nan
2.21482 -70 -nan
2.24624 -106 -nan
2.27765 -156 -nan
2.30907 -206 -nan
2.34049 -218 -nan
2.3719 -240 -nan
2.40332 -261 -nan
2.43473 -284 -nan
2.46615 -349 -nan
2.49757 -340 -nan
2.52898 -346 -nan
2.5604 -377 -nan
2.59181 -383 -nan
2.62323 -399 -nan
2.65465 -417 -nan
2.68606 -450 -nan
2.71748 -409 -nan
2.74889 -509 -nan
2.78031 -460 -nan
2.81172 -505 -nan
2.84314 -523 -nan
2.87456 -557 -nan
2.90597 -524 -nan
2.93739 -533 -nan
2.9688 -512 -nan
3.00022 -525 -nan
3.03164 -552 -nan
3.06305 -619 -nan
3.09447 -553 -nan
3.12588 -566 -nan
3.1573 0 0
3.18872 0 0
3.22013 0 0
3.25155 0 0
3.28296 0 0
3.31438 0 0
3.3458 0 0
3.37721 0 0
3.40863 0 0
3.44004 0 0
3.47146 0 0
3.50288 0 0
3.53429 0 0
3.56571 0 0
3.59712 0 0
3.62854 0 0
3.65995 0 0
3.69137 0 0
3.72279 0 0
3.7542 0 0
3.78562 0 0
3.81703 0 0
3.84845 0 0
3.87987 0 0
3.91128 0 0
3.9427 0 0
3.97411 0 0
4.00553 0 0
4.03695 0 0
4.06836 0 0
4.09978 0 0
4.13119 0 0
4.16261 0 0
4.19403 0 0
4.22544 0 0
4.25686 0 0
4.28827 0 0
4.31969 0 0
4.3511 0 0
4.38252 0 0
4.41394 0 0
4.44535 0 0
4.47677 0 0
4.50818 0 0
4.5396 0 0
4.57102 0 0
4.60243 0 0
4.63385 0 0
4.66526 0 0
4.69668 0 0
4.7281 0 0
4.75951 0 0
4.79093 0 0
4.82234 0 0
4.85376 0 0
4.88518 0 0
4.91659 0 0
4.94801 0 0
4.97942 0 0
5.01084 0 0
5.04226 0 0
5.07367 0 0
5.10509 0 0
5.1365 0 0
5.16792 0 0
5.19933 0 0
5.23075 0 0
5.26217 0 0
5.29358 0 0
5.325 0 0
5.35641 0 0
5.38783 0 0
5.41925 0 0
5.45066 0 0
5.48208 0 0
5.51349 0 0
5.54491 0 0
5.57633 0 0
5.60774 0 0
5.63916 0 0
5.67057 0 0
5.70199 0 0
5.73341 0 0
5.76482 0 0
5.79624 0 0
5.82765 0 0
5.85907 0 0
5.89049 0 0
5.9219 0 0
5.95332 0 0
5.98473 0 0
6.01615 0 0
6.04756 0 0
6.07898 0 0
6.1104 0 0
6.14181 0 0
6.17323 0 0
6.20464 0 0
6.23606 0 0
6.26748 0 0
