0.015708 47447 217.823
0.0471239 47329 217.552
0.0785398 47428 217.78
0.109956 47112 217.053
0.141372 46729 216.169
0.172788 46454 215.532
0.204203 46448 215.518
0.235619 46519 215.683
0.267035 45790 213.986
0.298451 45687 213.745
0.329867 45639 213.633
0.361283 44820 211.707
0.392699 44355 210.606
0.424115 44064 209.914
0.455531 42918 207.167
0.486947 42205 205.439
0.518363 41810 204.475
0.549779 41562 203.868
0.581195 40975 202.423
0.61261 40169 200.422
0.644026 39305 198.255
0.675442 38863 197.137
0.706858 37984 194.895
0.738274 37096 192.603
0.76969 36575 191.246
0.801106 35619 188.73
0.832522 35054 187.227
0.863938 34274 185.132
0.895354 33160 182.099
0.92677 32323 179.786
0.958186 31812 178.359
0.989601 30528 174.723
1.02102 29785 172.583
1.05243 28754 169.57
1.08385 28160 167.809
1.11527 27631 166.226
1.14668 26304 162.185
1.1781 25369 159.276
1.20951 24035 155.032
1.24093 23333 152.751
1.27234 22923 151.403
1.30376 21800 147.648
1.33518 20900 144.568
1.36659 20027 141.517
1.39801 19301 138.928
1.42942 18138 134.677
1.46084 17017 130.449
1.49226 16437 128.207
1.52367 15501 124.503
1.55509 14490 120.374
1.5865 13831 117.605
1.61792 12670 112.561
1.64934 11917 109.165
1.68075 11402 106.78
1.71217 10170 100.846
1.74358 9473 97.3293
1.775 8822 93.9255
1.80642 7834 88.5099
1.83783 7036 83.8809
1.86925 6171 78.5557
1.90066 5283 72.6842
1.93208 4729 68.7677
1.9635 3773 61.4248
1.99491 2915 53.9907
2.02633 2199 46.8935
2.05774 1456 38.1576
2.08916 712 26.6833
2.12057 -110 -nan
2.15199 -719 -nan
2.18341 -1531 -nan
2.21482 -2349 -nan
2.24624 -2918 -nan
2.27765 -3431 -nan
2.30907 -4194 -nan
2.34049 -4793 -nan
2.3719 -5607 -nan
2.40332 -5988 -nan
2.43473 -6613 -nan
2.46615 -7331 -nan
2.49757 -7736 -nan
2.52898 -8334 -nan
2.5604 -8973 -nan
2.59181 -9439 -nan
2.62323 -9994 -nan
2.65465 -10293 -nan
2.68606 -10728 -nan
2.71748 -11027 -nan
2.74889 -11410 -nan
2.78031 -11819 -nan
2.81172 -12149 -nan
2.84314 -12344 -nan
2.87456 -12607 -nan
2.90597 -13014 -nan
2.93739 -12893 -nan
2.9688 -13290 -nan
3.00022 -13456 -nan
3.03164 -13355 -nan
3.06305 -13577 -nan
3.09447 -13439 -nan
3.12588 -13705 -nan
3.1573 0 0
3.18872 0 0
3.22013 0 0
3.25155 0 0
3.28296 0 0
3.31438 0 0
3.3458 0 0
3.37721 0 0
3.40863 0 0
3.44004 0 0
3.47146 0 0
3.50288 0 0
3.53429 0 0
3.56571 0 0
3.59712 0 0
3.62854 0 0
3.65995 0 0
3.69137 0 0
3.72279 0 0
3.7542 0 0
3.78562 0 0
3.81703 0 0
3.84845 0 0
3.87987 0 0
3.91128 0 0
3.9427 0 0
3.97411 0 0
4.00553 0 0
4.03695 0 0
4.06836 0 0
4.09978 0 0
4.13119 0 0
4.16261 0 0
4.19403 0 0
4.22544 0 0
4.25686 0 0
4.28827 0 0
4.31969 0 0
4.3511 0 0
4.38252 0 0
4.41394 0 0
4.44535 0 0
4.47677 0 0
4.50818 0 0
4.5396 0 0
4.57102 0 0
4.60243 0 0
4.63385 0 0
4.66526 0 0
4.69668 0 0
4.7281 0 0
4.75951 0 0
4.79093 0 0
4.82234 0 0
4.85376 0 0
4.88518 0 0
4.91659 0 0
4.94801 0 0
4.97942 0 0
5.01084 0 0
5.04226 0 0
5.07367 0 0
5.10509 0 0
5.1365 0 0
5.16792 0 0
5.19933 0 0
5.23075 0 0
5.26217 0 0
5.29358 0 0
5.325 0 0
5.35641 0 0
5.38783 0 0
5.41925 0 0
5.45066 0 0
5.48208 0 0
5.51349 0 0
5.54491 0 0
5.57633 0 0
5.60774 0 0
5.63916 0 0
5.67057 0 0
5.70199 0 0
5.73341 0 0
5.76482 0 0
5.79624 0 0
5.82765 0 0
5.85907 0 0
5.89049 0 0
5.9219 0 0
5.95332 0 0
5.98473 0 0
6.01615 0 0
6.04756 0 0
6.07898 0 0
6.1104 0 0
6.14181 0 0
6.17323 0 0
6.20464 0 0
6.23606 0 0
6.26748 0 0
