0.015708 47624 218.229
0.0471239 47650 218.289
0.0785398 47584 218.138
0.109956 47143 217.124
0.141372 47534 218.023
0.172788 46762 216.245
0.204203 46867 216.488
0.235619 46358 215.309
0.267035 46086 214.677
0.298451 45367 212.995
0.329867 45377 213.019
0.361283 44655 211.317
0.392699 44493 210.934
0.424115 43533 208.646
0.455531 43032 207.442
0.486947 42625 206.458
0.518363 41967 204.858
0.549779 41017 202.527
0.581195 40609 201.517
0.61261 39756 199.389
0.644026 39249 198.114
0.675442 38864 197.14
0.706858 37740 194.268
0.738274 36796 191.823
0.76969 36336 190.62
0.801106 35090 187.323
0.832522 34551 185.879
0.863938 34026 184.461
0.895354 32875 181.315
0.92677 31879 178.547
0.958186 31086 176.312
0.989601 30474 174.568
1.02102 29566 171.948
1.05243 28586 169.074
1.08385 27740 166.553
1.11527 27060 164.499
1.14668 25940 161.059
1.1781 25184 158.695
1.20951 24239 155.689
1.24093 23272 152.552
1.27234 22472 149.907
1.30376 21175 145.516
1.33518 20509 143.21
1.36659 19452 139.47
1.39801 18558 136.228
1.42942 17663 132.902
1.46084 16784 129.553
1.49226 16176 127.185
1.52367 14858 121.893
1.55509 14209 119.202
1.5865 13319 115.408
1.61792 12488 111.75
1.64934 11673 108.042
1.68075 10744 103.653
1.71217 9649 98.2293
1.74358 9179 95.8071
1.775 8057 89.7608
1.80642 7355 85.7613
1.83783 6530 80.8084
1.86925 5636 75.0733
1.90066 4808 69.3397
1.93208 4102 64.0469
1.9635 3362 57.9828
1.99491 2604 51.0294
2.02633 1839 42.8836
2.05774 998 31.5911
2.08916 299 17.2916
2.12057 -450 -nan
2.15199 -1370 -nan
2.18341 -1897 -nan
2.21482 -2787 -nan
2.24624 -3359 -nan
2.27765 -4061 -nan
2.30907 -4681 -nan
2.34049 -5200 -nan
2.3719 -6045 -nan
2.40332 -6735 -nan
2.43473 -7260 -nan
2.46615 -7806 -nan
2.49757 -8414 -nan
2.52898 -8742 -nan
2.5604 -9453 -nan
2.59181 -9914 -nan
2.62323 -10131 -nan
2.65465 -11102 -nan
2.68606 -11180 -nan
2.71748 -11599 -nan
2.74889 -12237 -nan
2.78031 -12268 -nan
2.81172 -12692 -nan
2.84314 -13004 -nan
2.87456 -13315 -nan
2.90597 -13510 -nan
2.93739 -13821 -nan
2.9688 -13987 -nan
3.00022 -14068 -nan
3.03164 -14057 -nan
3.06305 -14156 -nan
3.09447 -14527 -nan
3.12588 -14283 -nan
3.1573 -1 -nan
3.18872 0 0
3.22013 0 0
3.25155 0 0
3.28296 0 0
3.31438 0 0
3.3458 0 0
3.37721 0 0
3.40863 0 0
3.44004 0 0
3.47146 0 0
3.50288 0 0
3.53429 0 0
3.56571 0 0
3.59712 0 0
3.62854 0 0
3.65995 0 0
3.69137 0 0
3.72279 0 0
3.7542 0 0
3.78562 0 0
3.81703 0 0
3.84845 0 0
3.87987 0 0
3.91128 0 0
3.9427 0 0
3.97411 0 0
4.00553 0 0
4.03695 0 0
4.06836 0 0
4.09978 0 0
4.13119 0 0
4.16261 0 0
4.19403 0 0
4.22544 0 0
4.25686 0 0
4.28827 0 0
4.31969 0 0
4.3511 0 0
4.38252 0 0
4.41394 0 0
4.44535 0 0
4.47677 0 0
4.50818 0 0
4.5396 0 0
4.57102 0 0
4.60243 0 0
4.63385 0 0
4.66526 0 0
4.69668 0 0
4.7281 0 0
4.75951 0 0
4.79093 0 0
4.82234 0 0
4.85376 0 0
4.88518 0 0
4.91659 0 0
4.94801 0 0
4.97942 0 0
5.01084 0 0
5.04226 0 0
5.07367 0 0
5.10509 0 0
5.1365 0 0
5.16792 0 0
5.19933 0 0
5.23075 0 0
5.26217 0 0
5.29358 0 0
5.325 0 0
5.35641 0 0
5.38783 0 0
5.41925 0 0
5.45066 0 0
5.48208 0 0
5.51349 0 0
5.54491 0 0
5.57633 0 0
5.60774 0 0
5.63916 0 0
5.67057 0 0
5.70199 0 0
5.73341 0 0
5.76482 0 0
5.79624 0 0
5.82765 0 0
5.85907 0 0
5.89049 0 0
5.9219 0 0
5.95332 0 0
5.98473 0 0
6.01615 0 0
6.04756 0 0
6.07898 0 0
6.1104 0 0
6.14181 0 0
6.17323 0 0
6.20464 0 0
6.23606 0 0
6.26748 0 0
