0.02 13917 117.97
0.06 39165 197.901
0.1 58789 242.464
0.14 73478 271.068
0.18 81809 286.023
0.22 87492 295.79
0.26 89756 299.593
0.3 89729 299.548
0.34 88919 298.193
0.38 85945 293.164
0.42 82837 287.814
0.46 79849 282.576
0.5 74806 273.507
0.54 71665 267.703
0.58 68235 261.218
0.62 64375 253.722
0.66 60473 245.913
0.7 57589 239.977
0.74 53553 231.415
0.78 50022 223.656
0.82 47227 217.318
0.86 44625 211.246
0.9 41746 204.318
0.94 39323 198.3
0.98 37717 194.209
1.02 35741 189.053
1.06 34508 185.763
1.1 32743 180.95
1.14 30947 175.918
1.18 29808 172.65
1.22 28081 167.574
1.26 26804 163.719
1.3 25098 158.423
1.34 23643 153.763
1.38 22015 148.375
1.42 20575 143.44
1.46 19594 139.979
1.5 18239 135.052
1.54 17008 130.415
1.58 15565 124.76
1.62 14609 120.868
1.66 13479 116.099
1.7 12403 111.369
1.74 11452 107.014
1.78 10603 102.971
1.82 9658 98.2751
1.86 9157 95.6922
1.9 8366 91.4658
1.94 7425 86.1684
1.98 6996 83.6421
2.02 6259 79.1138
2.06 5853 76.5049
2.1 5331 73.0137
2.14 4876 69.8284
2.18 4403 66.3551
2.22 4142 64.3584
2.26 3609 60.075
2.3 3228 56.8155
2.34 2902 53.8702
2.38 2765 52.5833
2.42 2504 50.04
2.46 2244 47.3709
2.5 1996 44.6766
2.54 1813 42.5793
2.58 1645 40.5586
2.62 1620 40.2492
2.66 1304 36.1109
2.7 1222 34.9571
2.74 1031 32.1092
2.78 1008 31.749
2.82 903 30.05
2.86 864 29.3939
2.9 729 27
2.94 650 25.4951
2.98 561 23.6854
3.02 515 22.6936
3.06 522 22.8473
3.1 403 20.0749
3.14 391 19.7737
3.18 289 17
3.22 337 18.3576
3.26 273 16.5227
3.3 226 15.0333
3.34 235 15.3297
3.38 199 14.1067
3.42 188 13.7113
3.46 145 12.0416
3.5 143 11.9583
3.54 120 10.9545
3.58 103 10.1489
3.62 93 9.64365
3.66 81 9
3.7 88 9.38083
3.74 73 8.544
3.78 53 7.28011
3.82 60 7.74597
3.86 44 6.63325
3.9 29 5.38516
3.94 50 7.07107
3.98 46 6.78233
4.02 33 5.74456
4.06 31 5.56776
4.1 46 6.78233
4.14 22 4.69042
4.18 24 4.89898
4.22 21 4.58258
4.26 18 4.24264
4.3 13 3.60555
4.34 14 3.74166
4.38 12 3.4641
4.42 10 3.16228
4.46 9 3
4.5 4 2
4.54 4 2
4.58 6 2.44949
4.62 2 1.41421
4.66 4 2
4.7 5 2.23607
4.74 6 2.44949
4.78 8 2.82843
4.82 3 1.73205
4.86 8 2.82843
4.9 3 1.73205
4.94 4 2
4.98 2 1.41421
5.02 1 1
5.06 2 1.41421
5.1 2 1.41421
5.14 0 0
5.18 1 1
5.22 -1 -nan
5.26 1 1
5.3 0 0
5.34 3 1.73205
5.38 1 1
5.42 3 1.73205
5.46 0 0
5.5 0 0
5.54 0 0
5.58 2 1.41421
5.62 0 0
5.66 0 0
5.7 1 1
5.74 1 1
5.78 0 0
5.82 1 1
5.86 0 0
5.9 0 0
5.94 0 0
5.98 0 0
6.02 0 0
6.06 0 0
6.1 0 0
6.14 0 0
6.18 0 0
6.22 0 0
6.26 1 1
6.3 0 0
6.34 0 0
6.38 0 0
6.42 0 0
6.46 0 0
6.5 0 0
6.54 0 0
6.58 0 0
6.62 0 0
6.66 0 0
6.7 0 0
6.74 0 0
6.78 0 0
6.82 0 0
6.86 0 0
6.9 0 0
6.94 0 0
6.98 0 0
7.02 0 0
7.06 0 0
7.1 0 0
7.14 0 0
7.18 0 0
7.22 0 0
7.26 0 0
7.3 0 0
7.34 0 0
7.38 0 0
7.42 0 0
7.46 0 0
7.5 0 0
7.54 0 0
7.58 0 0
7.62 0 0
7.66 0 0
7.7 0 0
7.74 0 0
7.78 0 0
7.82 0 0
7.86 0 0
7.9 0 0
7.94 0 0
7.98 0 0
