0.00665 15 3.87298
0.01995 51 7.14143
0.03325 100 10
0.04655 127 11.2694
0.05985 154 12.4097
0.07315 182 13.4907
0.08645 216 14.6969
0.09975 249 15.7797
0.11305 250 15.8114
0.12635 293 17.1172
0.13965 289 17
0.15295 265 16.2788
0.16625 330 18.1659
0.17955 372 19.2873
0.19285 412 20.2978
0.20615 379 19.4679
0.21945 366 19.1311
0.23275 384 19.5959
0.24605 376 19.3907
0.25935 379 19.4679
0.27265 397 19.9249
0.28595 421 20.5183
0.29925 417 20.4206
0.31255 415 20.3715
0.32585 384 19.5959
0.33915 403 20.0749
0.35245 403 20.0749
0.36575 410 20.2485
0.37905 387 19.6723
0.39235 390 19.7484
0.40565 398 19.9499
0.41895 392 19.799
0.43225 388 19.6977
0.44555 378 19.4422
0.45885 362 19.0263
0.47215 392 19.799
0.48545 342 18.4932
0.49875 323 17.9722
0.51205 354 18.8149
0.52535 346 18.6011
0.53865 344 18.5472
0.55195 377 19.4165
0.56525 329 18.1384
0.57855 341 18.4662
0.59185 324 18
0.60515 319 17.8606
0.61845 280 16.7332
0.63175 307 17.5214
0.64505 292 17.088
0.65835 302 17.3781
0.67165 277 16.6433
0.68495 268 16.3707
0.69825 245 15.6525
0.71155 251 15.843
0.72485 244 15.6205
0.73815 263 16.2173
0.75145 273 16.5227
0.76475 281 16.7631
0.77805 210 14.4914
0.79135 263 16.2173
0.80465 233 15.2643
0.81795 271 16.4621
0.83125 216 14.6969
0.84455 230 15.1658
0.85785 225 15
0.87115 185 13.6015
0.88445 237 15.3948
0.89775 225 15
0.91105 194 13.9284
0.92435 185 13.6015
0.93765 207 14.3875
0.95095 189 13.7477
0.96425 190 13.784
0.97755 183 13.5277
0.99085 215 14.6629
1.00415 166 12.8841
1.01745 168 12.9615
1.03075 174 13.1909
1.04405 169 13
1.05735 186 13.6382
1.07065 187 13.6748
1.08395 176 13.2665
1.09725 175 13.2288
1.11055 211 14.5258
1.12385 175 13.2288
1.13715 163 12.7671
1.15045 117 10.8167
1.16375 164 12.8062
1.17705 130 11.4018
1.19035 163 12.7671
1.20365 178 13.3417
1.21695 135 11.619
1.23025 156 12.49
1.24355 151 12.2882
1.25685 173 13.1529
1.27015 145 12.0416
1.28345 147 12.1244
1.29675 134 11.5758
1.31005 107 10.3441
1.32335 154 12.4097
1.33665 137 11.7047
1.34995 130 11.4018
1.36325 127 11.2694
1.37655 127 11.2694
1.38985 120 10.9545
1.40315 122 11.0454
1.41645 133 11.5326
1.42975 90 9.48683
1.44305 126 11.225
1.45635 94 9.69536
1.46965 110 10.4881
1.48295 113 10.6301
1.49625 108 10.3923
1.50955 95 9.74679
1.52285 92 9.59166
1.53615 108 10.3923
1.54945 105 10.247
1.56275 88 9.38083
1.57605 103 10.1489
1.58935 89 9.43398
1.60265 75 8.66025
1.61595 66 8.12404
1.62925 90 9.48683
1.64255 66 8.12404
1.65585 81 9
1.66915 85 9.21954
1.68245 67 8.18535
1.69575 71 8.42615
1.70905 91 9.53939
1.72235 72 8.48528
1.73565 68 8.24621
1.74895 85 9.21954
1.76225 60 7.74597
1.77555 52 7.2111
1.78885 60 7.74597
1.80215 74 8.60233
1.81545 64 8
1.82875 65 8.06226
1.84205 61 7.81025
1.85535 53 7.28011
1.86865 59 7.68115
1.88195 73 8.544
1.89525 62 7.87401
1.90855 42 6.48074
1.92185 41 6.40312
1.93515 53 7.28011
1.94845 41 6.40312
1.96175 48 6.9282
1.97505 52 7.2111
1.98835 38 6.16441
2.00165 43 6.55744
2.01495 26 5.09902
2.02825 51 7.14143
2.04155 41 6.40312
2.05485 41 6.40312
2.06815 25 5
2.08145 26 5.09902
2.09475 42 6.48074
2.10805 25 5
2.12135 34 5.83095
2.13465 25 5
2.14795 35 5.91608
2.16125 39 6.245
2.17455 32 5.65685
2.18785 29 5.38516
2.20115 36 6
2.21445 22 4.69042
2.22775 18 4.24264
2.24105 20 4.47214
2.25435 29 5.38516
2.26765 25 5
2.28095 21 4.58258
2.29425 18 4.24264
2.30755 26 5.09902
2.32085 14 3.74166
2.33415 30 5.47723
2.34745 24 4.89898
2.36075 33 5.74456
2.37405 29 5.38516
2.38735 19 4.3589
2.40065 18 4.24264
2.41395 22 4.69042
2.42725 11 3.31662
2.44055 7 2.64575
2.45385 25 5
2.46715 23 4.79583
2.48045 13 3.60555
2.49375 8 2.82843
2.50705 15 3.87298
2.52035 12 3.4641
2.53365 16 4
2.54695 11 3.31662
2.56025 16 4
2.57355 17 4.12311
2.58685 9 3
2.60015 16 4
2.61345 11 3.31662
2.62675 10 3.16228
2.64005 14 3.74166
2.65335 9 3
