0.0125 6747 82.1401
0.0375 19987 141.375
0.0625 31482 177.432
0.0875 40822 202.045
0.1125 48400 220
0.1375 54548 233.555
0.1625 59626 244.184
0.1875 63626 252.242
0.2125 66211 257.315
0.2375 67536 259.877
0.2625 67818 260.419
0.2875 68242 261.232
0.3125 67578 259.958
0.3375 67642 260.081
0.3625 66384 257.651
0.3875 65467 255.865
0.4125 64474 253.917
0.4375 62415 249.83
0.4625 61270 247.528
0.4875 59316 243.549
0.5125 57475 239.739
0.5375 56202 237.07
0.5625 53983 232.342
0.5875 51625 227.211
0.6125 50008 223.625
0.6375 49003 221.366
0.6625 46810 216.356
0.6875 45294 212.824
0.7125 43188 207.817
0.7375 41312 203.254
0.7625 40013 200.032
0.7875 38443 196.069
0.8125 36709 191.596
0.8375 35502 188.42
0.8625 33942 184.234
0.8875 32779 181.05
0.9125 31596 177.753
0.9375 30084 173.447
0.9625 29090 170.558
0.9875 28238 168.042
1.0125 27047 164.46
1.0375 26423 162.552
1.0625 25530 159.781
1.0875 24558 156.71
1.1125 23699 153.945
1.1375 23161 152.187
1.1625 21994 148.304
1.1875 21377 146.209
1.2125 20471 143.077
1.2375 19931 141.177
1.2625 18876 137.39
1.2875 18276 135.189
1.3125 17492 132.257
1.3375 16793 129.588
1.3625 16043 126.661
1.3875 15334 123.831
1.4125 14504 120.433
1.4375 13773 117.358
1.4625 13280 115.239
1.4875 12727 112.814
1.5125 12107 110.032
1.5375 11701 108.171
1.5625 11098 105.347
1.5875 10377 101.868
1.6125 9828 99.1363
1.6375 9353 96.7109
1.6625 8799 93.803
1.6875 8130 90.1665
1.7125 7882 88.7806
1.7375 7593 87.1378
1.7625 6915 83.1565
1.7875 6670 81.6701
1.8125 6299 79.3662
1.8375 6129 78.2879
1.8625 5627 75.0133
1.8875 5105 71.4493
1.9125 4985 70.6045
1.9375 4746 68.8912
1.9625 4260 65.2687
1.9875 3943 62.7933
2.0125 3833 61.9112
2.0375 3738 61.1392
2.0625 3395 58.2666
2.0875 3133 55.9732
2.1125 3066 55.3715
2.1375 2893 53.7866
2.1625 2703 51.9904
2.1875 2507 50.07
2.2125 2313 48.0937
2.2375 2061 45.3982
2.2625 2017 44.911
2.2875 1942 44.0681
2.3125 1819 42.6497
2.3375 1722 41.497
2.3625 1554 39.4208
2.3875 1463 38.2492
2.4125 1344 36.6606
2.4375 1258 35.4683
2.4625 1217 34.8855
2.4875 958 30.9516
2.5125 930 30.4959
2.5375 935 30.5778
2.5625 889 29.8161
2.5875 856 29.2575
2.6125 783 27.9821
2.6375 769 27.7308
2.6625 666 25.807
2.6875 631 25.1197
2.7125 548 23.4094
2.7375 526 22.9347
2.7625 554 23.5372
2.7875 473 21.7486
2.8125 387 19.6723
2.8375 378 19.4422
2.8625 389 19.7231
2.8875 342 18.4932
2.9125 328 18.1108
2.9375 332 18.2209
2.9625 306 17.4929
2.9875 263 16.2173
3.0125 223 14.9332
3.0375 228 15.0997
3.0625 214 14.6287
3.0875 205 14.3178
3.1125 204 14.2829
3.1375 160 12.6491
3.1625 153 12.3693
3.1875 154 12.4097
3.2125 144 12
3.2375 120 10.9545
3.2625 113 10.6301
3.2875 88 9.38083
3.3125 119 10.9087
3.3375 85 9.21954
3.3625 82 9.05539
3.3875 64 8
3.4125 64 8
3.4375 65 8.06226
3.4625 61 7.81025
3.4875 50 7.07107
3.5125 53 7.28011
3.5375 44 6.63325
3.5625 35 5.91608
3.5875 43 6.55744
3.6125 26 5.09902
3.6375 44 6.63325
3.6625 40 6.32456
3.6875 47 6.85565
3.7125 40 6.32456
3.7375 29 5.38516
3.7625 37 6.08276
3.7875 21 4.58258
3.8125 13 3.60555
3.8375 32 5.65685
3.8625 22 4.69042
3.8875 22 4.69042
3.9125 14 3.74166
3.9375 11 3.31662
3.9625 16 4
3.9875 21 4.58258
4.0125 7 2.64575
4.0375 16 4
4.0625 7 2.64575
4.0875 8 2.82843
4.1125 8 2.82843
4.1375 11 3.31662
4.1625 4 2
4.1875 2 1.41421
4.2125 10 3.16228
4.2375 12 3.4641
4.2625 2 1.41421
4.2875 6 2.44949
4.3125 4 2
4.3375 4 2
4.3625 1 1
4.3875 6 2.44949
4.4125 3 1.73205
4.4375 5 2.23607
4.4625 3 1.73205
4.4875 0 0
4.5125 5 2.23607
4.5375 5 2.23607
4.5625 5 2.23607
4.5875 3 1.73205
4.6125 2 1.41421
4.6375 2 1.41421
4.6625 1 1
4.6875 1 1
4.7125 4 2
4.7375 -1 -nan
4.7625 -1 -nan
4.7875 1 1
4.8125 3 1.73205
4.8375 0 0
4.8625 -1 -nan
4.8875 1 1
4.9125 0 0
4.9375 3 1.73205
4.9625 3 1.73205
4.9875 1 1
