0.02 0.358612 0.0214695 0 0
0.06 1.02314 0.0362641 0 0
0.1 1.62339 0.0456796 0 0
0.14 2.2982 0.0543506 0 0
0.18 2.70437 0.0589581 0 0
0.22 3.14781 0.0636084 0 0
0.26 3.51542 0.0672201 0 0
0.3 3.88303 0.0706473 0 0
0.34 3.9126 0.0709158 0 0
0.38 4.11954 0.072767 0 0
0.42 4.26221 0.0740163 0 0
0.46 4.21594 0.0736135 0 0
0.5 3.98586 0.0715766 0 0
0.54 3.98458 0.0715651 0 0
0.58 3.80977 0.0699777 0.00128535 0.00128535
0.62 3.54627 0.0675144 0 0
0.66 3.47044 0.0667886 0 0
0.7 3.08483 0.0629689 0.00128535 0.00128535
0.74 2.88817 0.0609287 0 0
0.78 2.71851 0.059112 0.00128535 0.00128535
0.82 2.4036 0.0555829 0.00128535 0.00128535
0.86 2.24293 0.0536931 0 0
0.9 1.9653 0.0502602 0 0
0.94 1.8599 0.0488939 0 0
0.98 1.67995 0.0464685 0.00514139 0.00257069
1.02 1.49229 0.0437962 0.00128535 0.00128535
1.06 1.43188 0.0429006 0.00514139 0.00257069
1.1 1.22365 0.0396587 0.00385604 0.00222629
1.14 1.13239 0.0381512 0.00771208 0.00314844
1.18 1.02956 0.0363778 0.00771208 0.00314844
1.22 0.949871 0.0349416 0.00257069 0.00181776
1.26 0.818766 0.0324407 0.0128535 0.00406462
1.3 0.732648 0.0306872 0.0141388 0.00426301
1.34 0.70437 0.0300892 0.0192802 0.00497813
1.38 0.624679 0.028336 0.0128535 0.00406462
1.42 0.566838 0.0269923 0.0179949 0.00480933
1.46 0.443445 0.0238743 0.0244216 0.0056027
1.5 0.465296 0.0244554 0.0282776 0.00602881
1.54 0.388175 0.022337 0.0321337 0.00642674
1.58 0.385604 0.0222629 0.0308483 0.00629689
1.62 0.307198 0.019871 0.029563 0.00616431
1.66 0.248072 0.0178566 0.0269923 0.0058902
1.7 0.273779 0.018759 0.0398458 0.00715651
1.74 0.250643 0.0179489 0.0552699 0.00842858
1.78 0.200514 0.016054 0.0604113 0.0088119
1.82 0.151671 0.0139624 0.0616967 0.00890515
1.86 0.164524 0.014542 0.0488432 0.00792341
1.9 0.102828 0.0114965 0.059126 0.00871765
1.94 0.132391 0.0130448 0.0771208 0.00995626
1.98 0.0951157 0.011057 0.0809769 0.0102021
2.02 0.096401 0.0111314 0.0796915 0.0101208
2.06 0.0616967 0.00890515 0.101542 0.0114244
2.1 0.0732648 0.00970416 0.0835476 0.0103628
2.14 0.0655527 0.00917921 0.11054 0.0119198
2.18 0.0565553 0.00852603 0.0912596 0.0108305
2.22 0.0681234 0.00935747 0.124679 0.0126592
2.26 0.0642674 0.00908878 0.113111 0.0120576
2.3 0.0475578 0.00781846 0.120823 0.0124619
2.34 0.0321337 0.00642674 0.1491 0.0138436
2.38 0.0205656 0.00514139 0.109254 0.0118503
2.42 0.0424165 0.00738376 0.145244 0.0136634
2.46 0.0321337 0.00642674 0.137532 0.0132957
2.5 0.0205656 0.00514139 0.107969 0.0117804
2.54 0.00899743 0.00340071 0.145244 0.0136634
2.58 0.0128535 0.00406462 0.158098 0.0142552
2.62 0.0115681 0.00385604 0.155527 0.0141388
2.66 0.00899743 0.00340071 0.152956 0.0140215
2.7 0.0128535 0.00406462 0.159383 0.014313
2.74 0.00385604 0.00222629 0.159383 0.014313
2.78 0.00771208 0.00314844 0.125964 0.0127243
2.82 0.00899743 0.00340071 0.125964 0.0127243
2.86 0.0102828 0.00363551 0.158098 0.0142552
2.9 0.00128535 0.00128535 0.134961 0.0131709
2.94 0.00514139 0.00257069 0.137532 0.0132957
2.98 0.00257069 0.00181776 0.138817 0.0133577
3.02 0.00771208 0.00314844 0.104113 0.0115681
3.06 0.00385604 0.00222629 0.116967 0.0122614
3.1 0.00128535 0.00128535 0.123393 0.0125938
3.14 0.00771208 0.00314844 0.100257 0.0113519
3.18 0.00514139 0.00257069 0.11054 0.0119198
3.22 0.00385604 0.00222629 0.11054 0.0119198
3.26 -0.00257069 -nan 0.105398 0.0116393
3.3 0.00385604 0.00222629 0.0951157 0.011057
3.34 0.00514139 0.00257069 0.0784062 0.0100389
3.38 0.00771208 0.00314844 0.0912596 0.0108305
3.42 0.00128535 0.00128535 0.0514139 0.00812925
3.46 0.00385604 0.00222629 0.0706941 0.00953239
3.5 0.00257069 0.00181776 0.0771208 0.00995626
3.54 0.00128535 0.00128535 0.0771208 0.00995626
3.58 -0.00128535 -nan 0.0565553 0.00852603
3.62 0.00257069 0.00181776 0.0424165 0.00738376
3.66 0.00128535 0.00128535 0.0501285 0.00802699
3.7 0.00128535 0.00128535 0.0385604 0.00704014
3.74 0 0 0.0578406 0.00862237
3.78 0.00128535 0.00128535 0.0488432 0.00792341
3.82 0.00128535 0.00128535 0.0539846 0.00833
3.86 0 0 0.0526992 0.00823024
3.9 0.00128535 0.00128535 0.0398458 0.00715651
3.94 0 0 0.0398458 0.00715651
3.98 0.00128535 0.00128535 0.033419 0.00655401
4.02 0.00128535 0.00128535 0.0308483 0.00629689
4.06 0 0 0.0231362 0.00545327
4.1 0 0 0.0269923 0.0058902
4.14 0 0 0.0192802 0.00497813
4.18 0.00385604 0.00222629 0.0282776 0.00602881
4.22 0 0 0.0218509 0.00529962
4.26 0.00128535 0.00128535 0.0154242 0.00445257
4.3 0 0 0.0257069 0.00574825
4.34 0 0 0.0102828 0.00363551
4.38 0.00257069 0.00181776 0.0154242 0.00445257
4.42 0.00128535 0.00128535 0.00899743 0.00340071
4.46 0.00128535 0.00128535 0.0128535 0.00406462
4.5 0 0 0.0141388 0.00426301
4.54 0 0 0.00899743 0.00340071
4.58 0 0 0.00771208 0.00314844
4.62 0 0 0.0115681 0.00385604
4.66 0 0 0.00771208 0.00314844
4.7 0 0 0.0102828 0.00363551
4.74 0 0 0.00771208 0.00314844
4.78 0 0 0.00514139 0.00257069
4.82 0.00128535 0.00128535 0.00257069 0.00181776
4.86 0 0 0.00385604 0.00222629
4.9 0 0 0.00514139 0.00257069
4.94 0 0 0.00128535 0.00128535
4.98 0 0 0.00771208 0.00314844
5.02 0 0 0.00385604 0.00222629
5.06 0 0 0.00257069 0.00181776
5.1 0 0 0 0
5.14 0 0 0.00128535 0.00128535
5.18 0 0 0.00385604 0.00222629
5.22 0.00257069 0.00181776 0.00899743 0.00340071
5.26 0 0 0.00385604 0.00222629
5.3 0 0 0 0
5.34 0 0 0.00257069 0.00181776
5.38 0 0 0 0
5.42 0 0 0.00128535 0.00128535
5.46 0 0 0.00128535 0.00128535
5.5 0 0 0 0
5.54 0 0 0 0
5.58 0 0 0 0
5.62 0 0 0 0
5.66 0 0 0 0
5.7 0 0 0 0
5.74 0 0 0 0
5.78 0 0 0 0
5.82 0 0 0 0
5.86 0 0 0.00128535 0.00128535
5.9 0 0 0 0
5.94 0 0 0.00128535 0.00128535
5.98 0 0 0 0
6.02 0 0 0 0
6.06 0 0 0 0
6.1 0 0 0 0
6.14 0 0 0 0
6.18 0 0 0 0
6.22 0 0 0.00128535 0.00128535
6.26 0 0 0 0
6.3 0 0 0 0
6.34 0 0 0 0
6.38 0 0 0.00128535 0.00128535
6.42 0 0 0 0
6.46 0 0 0 0
6.5 0 0 0 0
6.54 0 0 0 0
6.58 0 0 0.00128535 0.00128535
6.62 0 0 0 0
6.66 0 0 0 0
6.7 0 0 0 0
6.74 0 0 0 0
6.78 0 0 0 0
6.82 0 0 0 0
6.86 0 0 0 0
6.9 0 0 0 0
6.94 0 0 0 0
6.98 0 0 0 0
7.02 0 0 0 0
7.06 0 0 0 0
7.1 0 0 0 0
7.14 0 0 0 0
7.18 0 0 0 0
7.22 0 0 0 0
7.26 0 0 0 0
7.3 0 0 0 0
7.34 0 0 0 0
7.38 0 0 0 0
7.42 0 0 0 0
7.46 0 0 0 0
7.5 0 0 0 0
7.54 0 0 0 0
7.58 0 0 0 0
7.62 0 0 0 0
7.66 0 0 0 0
7.7 0 0 0 0
7.74 0 0 0 0
7.78 0 0 0 0
7.82 0 0 0 0
7.86 0 0 0 0
7.9 0 0 0 0
7.94 0 0 0 0
7.98 0 0 0 0
