-6 0 0
-5.94 0 0
-5.88 0 0
-5.82 0 0
-5.76 0 0
-5.7 0 0
-5.64 0 0
-5.58 0 0
-5.52 0 0
-5.46 0 0
-5.4 0 0
-5.34 0 0
-5.28 0 0
-5.22 0 0
-5.16 0 0
-5.1 0 0
-5.04 0 0
-4.98 0 0
-4.92 0 0
-4.86 0 0
-4.8 0 0
-4.74 0 0
-4.68 0 0
-4.62 0 0
-4.56 0 0
-4.5 0 0
-4.44 0 0
-4.38 0 0
-4.32 0 0
-4.26 0 0
-4.2 0 0
-4.14 0 0
-4.08 0 0
-4.02 0 0
-3.96 0 0
-3.9 0 0
-3.84 0 0
-3.78 0 0
-3.72 0 0
-3.66 0 0
-3.6 0 0
-3.54 0 0
-3.48 0 0
-3.42 0 0
-3.36 0 0
-3.3 0 0
-3.24 0 0
-3.18 0 0
-3.12 0 0
-3.06 0 0
-3 3 1.73205
-2.94 2 1.41421
-2.88 7 2.64575
-2.82 9 3
-2.76 12 3.4641
-2.7 20 4.47214
-2.64 26 5.09902
-2.58 37 6.08276
-2.52 42 6.48074
-2.46 81 9
-2.4 96 9.79796
-2.34 119 10.9087
-2.28 147 12.1244
-2.22 184 13.5647
-2.16 240 15.4919
-2.1 318 17.8326
-2.04 346 18.6011
-1.98 408 20.199
-1.92 516 22.7156
-1.86 605 24.5967
-1.8 697 26.4008
-1.74 781 27.9464
-1.68 927 30.4467
-1.62 1048 32.3728
-1.56 1184 34.4093
-1.5 1404 37.47
-1.44 1422 37.7094
-1.38 1711 41.3642
-1.32 1780 42.19
-1.26 2007 44.7996
-1.2 2260 47.5395
-1.14 2476 49.7594
-1.08 2509 50.0899
-1.02 2837 53.2635
-0.96 3012 54.8817
-0.9 3279 57.2626
-0.84 3460 58.8218
-0.78 3710 60.9098
-0.72 4126 64.2339
-0.66 4278 65.4064
-0.6 4788 69.1954
-0.54 4930 70.214
-0.48 5389 73.4098
-0.42 5981 77.3369
-0.36 6308 79.4229
-0.3 6767 82.2618
-0.24 7339 85.668
-0.18 7750 88.0341
-0.12 8085 89.9166
-0.06 8177 90.4268
0 8321 91.2195
0.06 8267 90.923
0.12 8082 89.8999
0.18 7618 87.2812
0.24 7285 85.3522
0.3 6778 82.3286
0.36 6488 80.5481
0.42 5818 76.2758
0.48 5426 73.6614
0.54 5110 71.4843
0.6 4604 67.8528
0.66 4365 66.0681
0.72 3994 63.1981
0.78 3899 62.442
0.84 3431 58.5747
0.9 3256 57.0614
0.96 3008 54.8452
1.02 2824 53.1413
1.08 2637 51.3517
1.14 2445 49.4469
1.2 2218 47.0956
1.26 1932 43.9545
1.32 1742 41.7373
1.38 1605 40.0625
1.44 1576 39.6989
1.5 1249 35.3412
1.56 1234 35.1283
1.62 1040 32.249
1.68 906 30.0998
1.74 808 28.4253
1.8 722 26.8701
1.86 606 24.6171
1.92 539 23.2164
1.98 396 19.8997
2.04 347 18.6279
2.1 280 16.7332
2.16 256 16
2.22 178 13.3417
2.28 179 13.3791
2.34 113 10.6301
2.4 92 9.59166
2.46 64 8
2.52 48 6.9282
2.58 38 6.16441
2.64 20 4.47214
2.7 19 4.3589
2.76 13 3.60555
2.82 6 2.44949
2.88 4 2
2.94 5 2.23607
3 3 1.73205
3.06 3 1.73205
3.12 2 1.41421
3.18 0 0
3.24 0 0
3.3 0 0
3.36 0 0
3.42 0 0
3.48 0 0
3.54 0 0
3.6 0 0
3.66 0 0
3.72 0 0
3.78 0 0
3.84 0 0
3.9 0 0
3.96 0 0
4.02 0 0
4.08 0 0
4.14 0 0
4.2 0 0
4.26 0 0
4.32 0 0
4.38 0 0
4.44 0 0
4.5 0 0
4.56 0 0
4.62 0 0
4.68 0 0
4.74 0 0
4.8 0 0
4.86 0 0
4.92 0 0
4.98 0 0
5.04 0 0
5.1 0 0
5.16 0 0
5.22 0 0
5.28 0 0
5.34 0 0
5.4 0 0
5.46 0 0
5.52 0 0
5.58 0 0
5.64 0 0
5.7 0 0
5.76 0 0
5.82 0 0
5.88 0 0
5.94 0 0
