-10 0 0
-9.9 0 0
-9.8 0 0
-9.7 0 0
-9.6 0 0
-9.5 0 0
-9.4 0 0
-9.3 0 0
-9.2 0 0
-9.1 0 0
-9 0 0
-8.9 0 0
-8.8 0 0
-8.7 0 0
-8.6 0 0
-8.5 0 0
-8.4 0 0
-8.3 0 0
-8.2 0 0
-8.1 0 0
-8 0 0
-7.9 0 0
-7.8 0 0
-7.7 0 0
-7.6 0 0
-7.5 0 0
-7.4 0 0
-7.3 0 0
-7.2 0 0
-7.1 0 0
-7 0 0
-6.9 2 1.41421
-6.8 0 0
-6.7 0 0
-6.6 2 1.41421
-6.5 1 1
-6.4 4 2
-6.3 0 0
-6.2 4 2
-6.1 1 1
-6 6 2.44949
-5.9 6 2.44949
-5.8 5 2.23607
-5.7 6 2.44949
-5.6 7 2.64575
-5.5 12 3.4641
-5.4 13 3.60555
-5.3 23 4.79583
-5.2 21 4.58258
-5.1 14 3.74166
-5 26 5.09902
-4.9 46 6.78233
-4.8 43 6.55744
-4.7 52 7.2111
-4.6 65 8.06226
-4.5 90 9.48683
-4.4 88 9.38083
-4.3 124 11.1355
-4.2 145 12.0416
-4.1 180 13.4164
-4 237 15.3948
-3.9 228 15.0997
-3.8 348 18.6548
-3.7 427 20.664
-3.6 487 22.0681
-3.5 555 23.5584
-3.4 683 26.1343
-3.3 858 29.2916
-3.2 1058 32.5269
-3.1 1198 34.6121
-3 1599 39.9875
-2.9 1891 43.4856
-2.8 2239 47.3181
-2.7 2882 53.6843
-2.6 3409 58.3866
-2.5 4018 63.3877
-2.4 4984 70.5975
-2.3 6042 77.7303
-2.2 7312 85.5102
-2.1 8704 93.2952
-2 10426 102.108
-1.9 12613 112.308
-1.8 14869 121.939
-1.7 17942 133.948
-1.6 21083 145.2
-1.5 25233 158.849
-1.4 29085 170.543
-1.3 33687 183.54
-1.2 38604 196.479
-1.1 44416 210.751
-1 51104 226.062
-0.9 57643 240.09
-0.8 64985 254.922
-0.7 73088 270.348
-0.6 82725 287.62
-0.5 92812 304.651
-0.4 103995 322.483
-0.3 115099 339.262
-0.2 126890 356.216
-0.1 133103 364.833
0 135232 367.739
0.1 133588 365.497
0.2 128247 358.116
0.3 116831 341.806
0.4 104165 322.746
0.5 93650 306.023
0.6 83343 288.692
0.7 73713 271.501
0.8 65315 255.568
0.9 58234 241.317
1 51320 226.539
1.1 44878 211.844
1.2 38947 197.35
1.3 34116 184.705
1.4 29273 171.094
1.5 25245 158.887
1.6 21251 145.777
1.7 18054 134.365
1.8 15336 123.839
1.9 12676 112.588
2 10551 102.718
2.1 8688 93.2094
2.2 7233 85.047
2.3 5961 77.2075
2.4 4939 70.278
2.5 4044 63.5925
2.6 3330 57.7062
2.7 2783 52.7541
2.8 2254 47.4763
2.9 1970 44.3847
3 1619 40.2368
3.1 1298 36.0278
3.2 1014 31.8434
3.3 819 28.6182
3.4 654 25.5734
3.5 580 24.0832
3.6 474 21.7715
3.7 378 19.4422
3.8 343 18.5203
3.9 249 15.7797
4 205 14.3178
4.1 152 12.3288
4.2 130 11.4018
4.3 120 10.9545
4.4 107 10.3441
4.5 74 8.60233
4.6 68 8.24621
4.7 44 6.63325
4.8 49 7
4.9 38 6.16441
5 42 6.48074
5.1 35 5.91608
5.2 19 4.3589
5.3 12 3.4641
5.4 13 3.60555
5.5 8 2.82843
5.6 9 3
5.7 6 2.44949
5.8 7 2.64575
5.9 5 2.23607
6 6 2.44949
6.1 4 2
6.2 4 2
6.3 0 0
6.4 0 0
6.5 1 1
6.6 0 0
6.7 1 1
6.8 2 1.41421
6.9 0 0
7 0 0
7.1 0 0
7.2 2 1.41421
7.3 0 0
7.4 0 0
7.5 0 0
7.6 0 0
7.7 0 0
7.8 0 0
7.9 0 0
8 0 0
8.1 0 0
8.2 0 0
8.3 0 0
8.4 1 1
8.5 0 0
8.6 0 0
8.7 0 0
8.8 0 0
8.9 0 0
9 0 0
9.1 0 0
9.2 0 0
9.3 0 0
9.4 0 0
9.5 0 0
9.6 0 0
9.7 0 0
9.8 0 0
9.9 0 0
