-10 0 0
-9.9 0 0
-9.8 0 0
-9.7 0 0
-9.6 0 0
-9.5 0 0
-9.4 0 0
-9.3 0 0
-9.2 0 0
-9.1 0 0
-9 0 0
-8.9 0 0
-8.8 0 0
-8.7 0 0
-8.6 0 0
-8.5 0 0
-8.4 0 0
-8.3 0 0
-8.2 0 0
-8.1 0 0
-8 0 0
-7.9 1 1
-7.8 0 0
-7.7 0 0
-7.6 0 0
-7.5 0 0
-7.4 0 0
-7.3 0 0
-7.2 0 0
-7.1 0 0
-7 0 0
-6.9 2 1.41421
-6.8 0 0
-6.7 0 0
-6.6 0 0
-6.5 2 1.41421
-6.4 6 2.44949
-6.3 0 0
-6.2 3 1.73205
-6.1 0 0
-6 2 1.41421
-5.9 4 2
-5.8 1 1
-5.7 2 1.41421
-5.6 4 2
-5.5 2 1.41421
-5.4 11 3.31662
-5.3 13 3.60555
-5.2 14 3.74166
-5.1 17 4.12311
-5 21 4.58258
-4.9 22 4.69042
-4.8 19 4.3589
-4.7 41 6.40312
-4.6 37 6.08276
-4.5 39 6.245
-4.4 64 8
-4.3 79 8.88819
-4.2 89 9.43398
-4.1 91 9.53939
-4 118 10.8628
-3.9 160 12.6491
-3.8 182 13.4907
-3.7 241 15.5242
-3.6 284 16.8523
-3.5 331 18.1934
-3.4 405 20.1246
-3.3 461 21.4709
-3.2 605 24.5967
-3.1 708 26.6083
-3 880 29.6648
-2.9 1084 32.9242
-2.8 1346 36.6879
-2.7 1676 40.939
-2.6 1979 44.486
-2.5 2289 47.8435
-2.4 2846 53.3479
-2.3 3544 59.5315
-2.2 4231 65.0461
-2.1 5246 72.4293
-2 6372 79.8248
-1.9 7598 87.1665
-1.8 9235 96.0989
-1.7 10836 104.096
-1.6 13381 115.676
-1.5 15706 125.324
-1.4 19115 138.257
-1.3 22352 149.506
-1.2 25878 160.866
-1.1 29133 170.684
-1 33930 184.201
-0.9 38827 197.046
-0.8 43690 209.022
-0.7 48977 221.307
-0.6 54010 232.401
-0.5 58064 240.965
-0.4 63083 251.163
-0.3 66685 258.234
-0.2 70231 265.011
-0.1 71793 267.942
0 72927 270.05
0.1 71950 268.235
0.2 70187 264.928
0.3 67325 259.471
0.4 63505 252.002
0.5 58644 242.165
0.6 53694 231.72
0.7 48253 219.666
0.8 43571 208.737
0.9 38700 196.723
1 34054 184.537
1.1 29693 172.317
1.2 25894 160.916
1.3 22209 149.027
1.4 18554 136.213
1.5 15846 125.881
1.6 13252 115.117
1.7 11046 105.1
1.8 9097 95.3782
1.9 7511 86.666
2 6340 79.6241
2.1 5153 71.7844
2.2 4126 64.2339
2.3 3505 59.203
2.4 2858 53.4603
2.5 2285 47.8017
2.6 2003 44.7549
2.7 1584 39.7995
2.8 1344 36.6606
2.9 1047 32.3574
3 903 30.05
3.1 746 27.313
3.2 562 23.7065
3.3 490 22.1359
3.4 431 20.7605
3.5 309 17.5784
3.6 286 16.9115
3.7 237 15.3948
3.8 167 12.9228
3.9 153 12.3693
4 112 10.583
4.1 87 9.32738
4.2 76 8.7178
4.3 82 9.05539
4.4 45 6.7082
4.5 49 7
4.6 25 5
4.7 37 6.08276
4.8 23 4.79583
4.9 22 4.69042
5 23 4.79583
5.1 18 4.24264
5.2 11 3.31662
5.3 7 2.64575
5.4 7 2.64575
5.5 3 1.73205
5.6 1 1
5.7 1 1
5.8 6 2.44949
5.9 1 1
6 0 0
6.1 2 1.41421
6.2 5 2.23607
6.3 0 0
6.4 0 0
6.5 0 0
6.6 0 0
6.7 0 0
6.8 3 1.73205
6.9 0 0
7 0 0
7.1 0 0
7.2 0 0
7.3 0 0
7.4 0 0
7.5 0 0
7.6 0 0
7.7 0 0
7.8 0 0
7.9 0 0
8 0 0
8.1 0 0
8.2 0 0
8.3 0 0
8.4 0 0
8.5 0 0
8.6 0 0
8.7 0 0
8.8 0 0
8.9 0 0
9 0 0
9.1 0 0
9.2 0 0
9.3 0 0
9.4 0 0
9.5 0 0
9.6 0 0
9.7 0 0
9.8 0 0
9.9 0 0
