0.02 0 0
0.06 0 0
0.1 0 0
0.14 0 0
0.18 0 0
0.22 0.00114223 0.000807679
0.26 0.000571115 0.000571115
0.3 0.00171335 0.000989201
0.34 0.00456892 0.00161536
0.38 0.00913784 0.00228446
0.42 0.00228446 0.00114223
0.46 0.00628227 0.00189418
0.5 0.00856673 0.00221192
0.54 0.0137068 0.00279788
0.58 0.0125645 0.00267877
0.62 0.0159912 0.00302206
0.66 0.0205601 0.00342669
0.7 0.0325536 0.00431183
0.74 0.0485448 0.00526542
0.78 0.0913784 0.0072241
0.82 0.25072 0.0119662
0.86 0.767579 0.0209374
0.9 1.94693 0.0333455
0.94 4.0315 0.0479839
0.98 6.06696 0.0588637
1.02 5.87792 0.0579394
1.06 3.58718 0.0452625
1.1 1.56428 0.0298896
1.14 0.472312 0.0164239
1.18 0.129072 0.00858575
1.22 0.0188468 0.00328081
1.26 0.00628227 0.00189418
1.3 0.00114223 0.000807679
1.34 0.00114223 0.000807679
1.38 0.00114223 0.000807679
1.42 0.00171335 0.000989201
1.46 0.000571115 0.000571115
1.5 0.000571115 0.000571115
1.54 0 0
1.58 0.00114223 0.000807679
1.62 0.00171335 0.000989201
1.66 0.000571115 0.000571115
1.7 0 0
1.74 0 0
1.78 0.000571115 0.000571115
1.82 0 0
1.86 0 0
1.9 0 0
1.94 0.000571115 0.000571115
1.98 0 0
