-0.9 1.03883 0.351333
-0.7 1.00173 0.193894
-0.5 1.17851 0.145982
-0.3 1.05657 0.0903698
-0.1 0.933841 0.0460914
0.1 0.93828 0.0120554
0.3 1.05058 0.0151281
0.5 1.02481 0.0152328
0.7 0.962401 0.0149529
0.9 0.9321 0.0151935
1.1 0.871556 0.0149606
1.3 0.808176 0.0143805
1.5 0.778219 0.0142578
1.7 0.76531 0.0145726
1.9 0.741354 0.0146942
2.1 0.720958 0.0147501
2.3 0.755012 0.0161015
2.5 0.742684 0.0171625
2.7 0.785066 0.019492
2.9 0.806464 0.0217768
3.1 0.928848 0.0280328
3.3 0.994024 0.0339394
3.5 1.16932 0.0451791
3.7 1.38003 0.0611586
3.9 1.31334 0.0672408
4.1 1.78347 0.110653
4.3 1.67327 0.133852
4.5 1.64158 0.184646
4.7 1.85615 0.338099
4.9 1.64991 0.402537
5.1 2.09988 0.781564
5.3 3.29982 2.19988
5.5 1.64991 1.50615
5.7 1.09994 1.55555
