2.5 0.456045 0.00496795
7.5 0.676629 0.00338593
12.5 0.772459 0.00312207
17.5 0.823142 0.00301517
22.5 0.852482 0.00290514
27.5 0.875018 0.00294269
32.5 0.882516 0.00314952
37.5 0.897661 0.00303503
42.5 0.907399 0.00299572
47.5 0.910345 0.00306554
52.5 0.914964 0.00301798
57.5 0.921712 0.00289387
62.5 0.922921 0.00302945
67.5 0.931235 0.00267676
72.5 0.924326 0.00311088
77.5 0.932327 0.00268827
82.5 0.933397 0.0026949
87.5 0.937633 0.00268066
92.5 0.936811 0.0025108
97.5 0.937574 0.00265402
102.5 0.928479 0.00232587
107.5 0.937401 0.00232502
112.5 0.942824 0.00238505
117.5 0.948366 0.00236257
122.5 0.949933 0.00273881
127.5 0.95392 0.00274512
132.5 0.95657 0.00304691
137.5 0.955616 0.00325686
142.5 0.958943 0.00336002
147.5 0.963357 0.00314898
152.5 0.964719 0.00355061
157.5 0.970999 0.00349032
162.5 0.967498 0.00379397
167.5 0.972278 0.00425133
172.5 0.967323 0.0062287
177.5 0.971294 0.00526033
182.5 0.971231 0.0059712
187.5 0.976268 0.00553156
192.5 0.973142 0.00482127
197.5 0.975235 0.00576685
