17.5 0.928223 0.0013063
22.5 0.849635 0.00121605
27.5 0.848116 0.0012373
32.5 0.884631 0.00118034
37.5 0.93423 0.00100103
42.5 0.9662 0.000747161
47.5 0.987818 0.000588688
52.5 0.997718 0.000546282
57.5 1.00149 0.000566535
62.5 1.004 0.000621405
67.5 1.00685 0.000697087
72.5 1.0084 0.00077956
77.5 1.00982 0.000861455
82.5 1.01171 0.000967592
87.5 1.00972 0.0011202
92.5 1.01291 0.00120742
97.5 1.0134 0.00132063
102.5 1.01533 0.00146372
107.5 1.01797 0.00166756
112.5 1.01694 0.00172725
117.5 1.01717 0.00197179
122.5 1.01769 0.00223473
127.5 1.01843 0.00240277
132.5 1.01699 0.00269572
137.5 1.02192 0.00262558
142.5 1.02062 0.00283045
147.5 1.02011 0.00374291
152.5 1.02467 0.00338617
157.5 1.02515 0.00388285
162.5 1.00759 0.005568
167.5 1.01922 0.00451775
172.5 1.02564 0.00464531
177.5 1.02103 0.00573644
182.5 1.01762 0.00538832
187.5 1.02298 0.00600236
192.5 1.02176 0.00505758
197.5 1.02968 0.00660404
202.5 1.02419 0.00820763
207.5 1.03859 0.00678279
212.5 1.01819 0.00956933
217.5 1.0228 0.00846133
222.5 1.01994 0.00997145
227.5 1.0302 0.00982654
232.5 1.00341 0.0223053
237.5 1.01862 0.0102071
242.5 1.03292 0.00989145
247.5 1.02446 0.00473002
252.5 1.02471 0.0220178
257.5 1.04284 0.011672
262.5 1.02035 0.0205364
267.5 1.02532 0.0214809
272.5 1.03367 0.00490256
277.5 1.04785 -nan
282.5 0 0
287.5 1.02067 -nan
292.5 0 0
297.5 1.00667 0.0191068
