0.02 0 0
0.06 0 0
0.1 0 0
0.14 0 0
0.18 0 0
0.22 0 0
0.26 0 0
0.3 0.00436605 0.00218302
0.34 0.00436605 0.00218302
0.38 0.00109151 0.00109151
0.42 0.00545756 0.0024407
0.46 0.00545756 0.0024407
0.5 0.0120066 0.00362014
0.54 0.0141897 0.0039355
0.58 0.0196472 0.00463089
0.62 0.0174642 0.00436605
0.66 0.0130981 0.00378111
0.7 0.0294708 0.00567166
0.74 0.0742228 0.00900084
0.78 0.117883 0.0113433
0.82 0.340552 0.01928
0.86 0.933243 0.0319162
0.9 2.24415 0.0494926
0.94 4.1281 0.0671258
0.98 5.70643 0.0789217
1.02 5.31676 0.0761794
1.06 3.58344 0.0625409
1.1 1.60125 0.0418065
1.14 0.605789 0.0257143
1.18 0.170276 0.013633
1.22 0.0338369 0.00607728
1.26 0.00545756 0.0024407
1.3 0.00545756 0.0024407
1.34 0.00218302 0.00154363
1.38 0.00109151 0.00109151
1.42 0 0
1.46 0.00109151 0.00109151
1.5 0 0
1.54 0.00109151 0.00109151
1.58 0 0
1.62 0 0
1.66 0 0
1.7 0.00109151 0.00109151
1.74 0 0
1.78 0 0
1.82 0 0
1.86 0 0
1.9 0 0
1.94 0 0
1.98 0 0
