0.02 0 0
0.06 0 0
0.1 0 0
0.14 0 0
0.18 0 0
0.22 0 0
0.26 0 0
0.3 0 0
0.34 0 0
0.38 0 0
0.42 0 0
0.46 0 0
0.5 0 0
0.54 0 0
0.58 0.0491159 0.0491159
0.62 0 0
0.66 0 0
0.7 0 0
0.74 0.196464 0.0982318
0.78 0 0
0.82 0.0491159 0.0491159
0.86 0.392927 0.138921
0.9 1.08055 0.230374
0.94 4.12574 0.450155
0.98 9.52849 0.684106
1.02 6.97446 0.585284
1.06 2.21022 0.32948
1.1 0.343811 0.129948
1.14 0.0491159 0.0491159
1.18 0 0
1.22 0 0
1.26 0 0
1.3 0 0
1.34 0 0
1.38 0 0
1.42 0 0
1.46 0 0
1.5 0 0
1.54 0 0
1.58 0 0
1.62 0 0
1.66 0 0
1.7 0 0
1.74 0 0
1.78 0 0
1.82 0 0
1.86 0 0
1.9 0 0
1.94 0 0
1.98 0 0
