0.02 0 0
0.06 0 0
0.1 0 0
0.14 0 0
0.18 0 0
0.22 0 0
0.26 0 0
0.3 0 0
0.34 0 0
0.38 0.0128074 0.0128074
0.42 0.0128074 0.0128074
0.46 0.0256148 0.0181124
0.5 0 0
0.54 0.0256148 0.0181124
0.58 0.0256148 0.0181124
0.62 0.0256148 0.0181124
0.66 0.0128074 0.0128074
0.7 0.0128074 0.0128074
0.74 0.0128074 0.0128074
0.78 0.0384221 0.022183
0.82 0.166496 0.0461777
0.86 0.397029 0.0713085
0.9 1.54969 0.140881
0.94 4.36732 0.236503
0.98 7.65881 0.313192
1.02 7.17213 0.303078
1.06 2.6127 0.182926
1.1 0.78125 0.100029
1.14 0.0640369 0.0286382
1.18 0 0
1.22 0.0128074 0.0128074
1.26 0 0
1.3 0 0
1.34 0 0
1.38 0 0
1.42 0 0
1.46 0 0
1.5 0 0
1.54 0 0
1.58 0 0
1.62 0 0
1.66 0 0
1.7 0 0
1.74 0 0
1.78 0.0128074 0.0128074
1.82 0 0
1.86 0 0
1.9 0 0
1.94 0 0
1.98 0 0
