0.02 0 0
0.06 0 0
0.1 0 0
0.14 0 0
0.18 0 0
0.22 0 0
0.26 0 0
0.3 0 0
0.34 0 0
0.38 0 0
0.42 0 0
0.46 0 0
0.5 0 0
0.54 0.0609756 0.0609756
0.58 0 0
0.62 0.0609756 0.0609756
0.66 0 0
0.7 0 0
0.74 0 0
0.78 0 0
0.82 0.182927 0.105613
0.86 0.243902 0.121951
0.9 1.03659 0.251409
0.94 3.96341 0.491601
0.98 8.84146 0.734244
1.02 8.17073 0.705844
1.06 2.31707 0.375879
1.1 0.121951 0.0862325
1.14 0 0
1.18 0 0
1.22 0 0
1.26 0 0
1.3 0 0
1.34 0 0
1.38 0 0
1.42 0 0
1.46 0 0
1.5 0 0
1.54 0 0
1.58 0 0
1.62 0 0
1.66 0 0
1.7 0 0
1.74 0 0
1.78 0 0
1.82 0 0
1.86 0 0
1.9 0 0
1.94 0 0
1.98 0 0
