0.02 0 0
0.06 0 0
0.1 0 0
0.14 0 0
0.18 0 0
0.22 0 0
0.26 0 0
0.3 0 0
0.34 0 0
0.38 0 0
0.42 0.000770901 0.000344757
0.46 0.0336113 0.00227644
0.5 0.0971335 0.00386989
0.54 0.150171 0.0048118
0.58 0.25301 0.00624572
0.62 0.426771 0.00811169
0.66 0.682401 0.0102573
0.7 1.05428 0.0127495
0.74 1.5361 0.0153895
0.78 2.03687 0.0177213
0.82 2.46287 0.0194866
0.86 2.54628 0.0198138
0.9 1.83921 0.0168395
0.94 1.14247 0.013272
0.98 0.73806 0.0106674
1.02 0.965168 0.0121988
1.06 1.33905 0.0143686
1.1 1.5418 0.015418
1.14 1.46132 0.0150102
1.18 1.27599 0.0140262
1.22 0.994153 0.0123806
1.26 0.742223 0.0106975
1.3 0.538551 0.00911229
1.34 0.364636 0.00749797
1.38 0.252855 0.00624382
1.42 0.159268 0.0049554
1.46 0.117794 0.00426162
1.5 0.0767817 0.00344067
1.54 0.0447122 0.00262559
1.58 0.0306818 0.00217498
1.62 0.0198892 0.00175115
1.66 0.0132595 0.00142981
1.7 0.0118719 0.00135293
1.74 0.00817155 0.00112245
1.78 0.00709229 0.0010457
1.82 0.00477958 0.000858439
1.86 0.0046254 0.000844479
1.9 0.00354614 0.000739422
1.94 0.00400868 0.000786168
1.98 0.0177307 0.0016534
