0.02 0 0
0.06 0 0
0.1 0 0
0.14 0 0
0.18 0 0
0.22 0 0
0.26 0 0
0.3 0 0
0.34 0 0
0.38 0.00423112 0.000772493
0.42 0.0256688 0.0019027
0.46 0.0507734 0.002676
0.5 0.0705187 0.00315369
0.54 0.110573 0.00394905
0.58 0.193362 0.00522219
0.62 0.370505 0.00722877
0.66 0.631142 0.00943476
0.7 1.08881 0.012392
0.74 1.61544 0.0150943
0.78 1.52983 0.0146889
0.82 0.947912 0.0115625
0.86 0.578112 0.0090297
0.9 1.10376 0.0124768
0.94 1.8868 0.0163128
0.98 2.43543 0.0185334
1.02 2.55616 0.0189872
1.06 2.41964 0.0184732
1.1 2.07142 0.0170923
1.14 1.65253 0.0152666
1.18 1.2321 0.0131823
1.22 0.845519 0.0109202
1.26 0.580228 0.0090462
1.3 0.384891 0.00736777
1.34 0.238071 0.00579456
1.38 0.14273 0.00448667
1.42 0.0809554 0.00337901
1.46 0.049222 0.0026348
1.5 0.0284895 0.00200452
1.54 0.015232 0.0014657
1.58 0.0138217 0.0013962
1.62 0.00846224 0.00109247
1.66 0.00648772 0.000956562
1.7 0.0045132 0.000797828
1.74 0.00310282 0.000661524
1.78 0.00352593 0.000705187
1.82 0.00253867 0.000598371
1.86 0.00253867 0.000598371
1.9 0.00141037 0.000445999
1.94 0.00267971 0.000614768
1.98 0.0108599 0.0012376
