-1.25 57.3431 0.276417 -1.25 58.497 0.279185 67.2378 0.299317
-0.9 57.7582 0.438633 -0.9375 57.8228 0.555142 66.7022 0.596245
-0.7 57.5616 0.437886 -0.8125 58.5476 0.558611 67.4803 0.599713
-0.5 57.6316 0.438152 -0.6875 58.6755 0.559221 65.6682 0.591606
-0.35 59.6402 0.630346 -0.5625 57.7748 0.554912 65.8761 0.592541
-0.25 59.2472 0.628266 -0.4375 58.2545 0.557211 66.1159 0.593619
-0.15 61.1392 0.638219 -0.3125 58.2971 0.557414 65.9507 0.592877
0 62.7548 0.457213 -0.1875 60.0986 0.565961 67.4644 0.599642
0.15 61.6389 0.640822 0 61.4284 0.404598 66.2039 0.420031
0.25 59.8068 0.631226 0.1875 59.8428 0.564756 65.439 0.590572
0.35 58.4943 0.624262 0.3125 59.0913 0.561198 65.8494 0.592421
0.5 28.6676 0.309022 0.4375 58.5796 0.558763 65.94 0.592829
0.7 58.1312 0.440047 0.5625 57.5243 0.553707 66.7555 0.596483
0.9 57.1752 0.436414 0.6875 57.3218 0.552732 65.7695 0.592062
1.25 56.5929 0.274603 0.8125 58.9793 0.560667 66.5583 0.595601
0 -nan -nan 0.9375 58.8941 0.560261 66.441 0.595077
0 -nan -nan 1.25 58.2305 0.278548 67.2991 0.299453
