-1.25 57.0254 0.400793 -1.25 58.431 0.405702 66.4789 0.432741
-0.9 57.9155 0.638636 -0.9375 57.1718 0.802614 66.7155 0.86702
-0.7 57.8592 0.638325 -0.8125 58.693 0.813221 67.4592 0.871839
-0.5 58.3732 0.641155 -0.6875 58.0732 0.808917 65.4648 0.858855
-0.35 59.1127 0.912454 -0.5625 58.3211 0.810641 64.8789 0.855003
-0.25 59.0845 0.912237 -0.4375 59.0761 0.815871 66.1746 0.863499
-0.15 61.1127 0.927762 -0.3125 58.2197 0.809936 66.9183 0.868337
0 63.3732 0.66805 -0.1875 60.2366 0.823846 68.2592 0.876993
0.15 61.6056 0.931496 0 61.5662 0.588941 65.7127 0.608451
0.25 60.6901 0.924549 0.1875 61.6338 0.833346 65.5324 0.859298
0.35 58.3662 0.906675 0.3125 60.169 0.823384 66.907 0.868264
0.5 29.0704 0.452461 0.4375 57.4761 0.804747 65.431 0.858633
0.7 58.1408 0.639877 0.5625 57.8817 0.807582 66.7268 0.867093
0.9 56.7676 0.632275 0.6875 58.0845 0.808995 65.5099 0.85915
1.25 57.0028 0.400714 0.8125 58.5577 0.812284 65.9155 0.861806
0 -nan -nan 0.9375 58.9972 0.815326 66.4789 0.865481
0 -nan -nan 1.25 57.9775 0.404125 66.9183 0.434168
