-1.25 57.9324 0.412782 -1.25 57.3412 0.410671 66.15 0.441088
-0.9 57.7059 0.651389 -0.9375 57.9176 0.82546 66.2 0.88251
-0.7 57.8971 0.652467 -0.8125 58.0941 0.826717 65.2941 0.876451
-0.5 57.6618 0.65114 -0.6875 57.6588 0.823613 66.3412 0.88345
-0.35 58.25 0.925536 -0.5625 57.0353 0.819148 66.1647 0.882275
-0.25 59.4265 0.934836 -0.4375 57.7412 0.824201 65.8235 0.879997
-0.15 61.0882 0.947817 -0.3125 59.1882 0.834465 65.7294 0.879367
0 60.8015 0.668633 -0.1875 58.8706 0.832223 64.1765 0.868917
0.15 60.1912 0.940832 0 60.6118 0.59711 64.7176 0.617002
0.25 57.9118 0.922845 0.1875 58.6824 0.830891 65.7882 0.879761
0.35 58.7353 0.929384 0.3125 58.1176 0.826884 65.8824 0.88039
0.5 28.3235 0.456356 0.4375 57.7529 0.824285 65.8471 0.880154
0.7 57.2721 0.648936 0.5625 57.1765 0.820161 64.7529 0.872811
0.9 57.125 0.648102 0.6875 57.9882 0.825963 67.6471 0.892103
1.25 57.3647 0.410755 0.8125 58.3059 0.828222 65.9765 0.881019
0 -nan -nan 0.9375 57.8824 0.825208 64.6353 0.872018
0 -nan -nan 1.25 57.9706 0.412919 67.1529 0.444419
