0.1 1.21191 0.0107927
0.3 0.967106 0.01375
0.5 0.808274 0.0140411
0.7 0.735181 0.0140478
0.9 0.68754 0.0138046
1.1 0.664695 0.0136662
1.3 0.660117 0.0139862
1.5 0.599433 0.0132044
1.7 0.595435 0.0134477
1.9 0.557953 0.0133711
2.1 0.568541 0.0145747
2.3 0.546508 0.0149155
2.5 0.548868 0.0163714
2.7 0.591414 0.0191695
2.9 0.63593 0.0228915
3.1 0.628768 0.0253907
3.3 0.737364 0.033506
3.5 0.848558 0.0438742
3.7 0.800228 0.0496403
3.9 0.847065 0.063364
4.1 0.882809 0.0844561
4.3 0.757375 0.0963746
4.5 0.713965 0.123392
4.7 1.29063 0.380586
4.9 0.537762 0.202406
5.1 2.83938 1.53145
5.3 1.29063 1.29063
