0.1 1.22218 0.0106499
0.3 0.975353 0.0135782
0.5 0.788321 0.0133055
0.7 0.749269 0.0138222
0.9 0.674888 0.0132463
1.1 0.679643 0.0135697
1.3 0.632802 0.0130579
1.5 0.622443 0.0132347
1.7 0.580531 0.0130043
1.9 0.556516 0.0129733
2.1 0.554302 0.0135658
2.3 0.571169 0.0151062
2.5 0.579371 0.0165131
2.7 0.632699 0.0195967
2.9 0.653969 0.0221556
3.1 0.717407 0.027293
3.3 0.831913 0.0354323
3.5 0.919112 0.0444444
3.7 0.979994 0.0564552
3.9 1.0628 0.0750249
4.1 0.990106 0.0902723
4.3 1.19726 0.132218
4.5 1.27491 0.201723
4.7 1.46948 0.343661
4.9 2.16838 0.63537
5.1 1.83984 0.786064
5.3 2.95688 2.4739
5.5 1.18275 1.67266
