-0.9 1.18275 0.394251
-0.7 1.01379 0.199411
-0.5 1.23907 0.154324
-0.3 1.05133 0.0917526
-0.1 0.910216 0.046162
0.1 0.899406 0.0119322
0.3 1.07764 0.0157019
0.5 1.0507 0.015834
0.7 0.97744 0.0154575
0.9 0.875059 0.0148615
1.1 0.797773 0.0143284
1.3 0.722396 0.0135817
1.5 0.658823 0.0129983
1.7 0.662778 0.0134945
1.9 0.613007 0.0132312
2.1 0.58684 0.0131581
2.3 0.598731 0.0140713
2.5 0.598806 0.0152023
2.7 0.628082 0.0170444
2.9 0.633068 0.0188535
3.1 0.762907 0.0248538
3.3 0.848752 0.0308987
3.5 0.925432 0.0389347
3.7 1.20465 0.0559723
3.9 1.20487 0.0643371
4.1 1.69207 0.107876
4.3 1.51809 0.125337
4.5 1.43312 0.16542
4.7 2.80261 0.492761
4.9 1.87609 0.444842
5.1 2.25798 0.840406
5.3 4.33676 2.8247
5.5 0.591376 0.724284
