0.1 0.514341 0.0734847 0.581336 0.180057 -0.824225 0.330417 -1.53621 0.646912 -34.4084 2.92665 0.169895 0.0296194 -35.6732 3.02172 -35.6732
0.3 1.4747 0.149552 1.68114 0.222311 0.375079 0.213871 -0.525334 0.269162 0.178807 0.543668 0.411781 0.0512712 3.18439 0.696815 -32.4888
0.5 2.04655 0.175061 2.30238 0.228715 0.856668 0.154077 0.0693223 0.0671596 -0.0874755 0.129943 0.73468 0.0688044 5.18744 0.357899 -27.3013
0.7 2.39998 0.185739 2.04513 0.192385 0.55393 0.124876 0.137186 0.0748581 0.173099 0.177364 0.772031 0.0658859 5.30932 0.352373 -21.992
0.9 1.8324 0.143625 1.90877 0.176716 0.709317 0.107834 0.154235 0.0673498 0.481182 0.315412 0.79754 0.063538 5.0859 0.409275 -16.9061
1.1 1.41659 0.121347 1.48068 0.129503 0.571678 0.0945709 0.219145 0.126098 0.592277 0.331907 0.573089 0.0596877 4.28037 0.408047 -12.6257
1.3 1.04523 0.0840223 0.944195 0.0914138 0.285498 0.0826996 0.114054 0.0821043 0.0778932 0.110164 0.546229 0.0427201 2.46687 0.202812 -10.1589
1.5 0.574722 0.0694414 0.576129 0.0823736 0.262245 0.0622033 -0.00269506 0.0245313 0.0502452 0.0997246 0.315249 0.0389722 1.46065 0.161318 -8.69821
1.7 0.415752 0.0554865 0.289003 0.0680074 0.201753 0.0506615 0.0672328 0.0630913 0.0356231 0.0376524 0.23209 0.0300404 1.00936 0.125174 -7.68885
1.9 0.740283 0.109759 0.733523 0.120922 0.268015 0.0798577 0.146299 0.0530436 0.436159 0.239137 0.251156 0.0520077 2.32428 0.305035 -5.36457
