0.1 0.433772 0.0429739 0.290634 0.0848917 -1.05084 0.167468 -2.80382 0.349645 -23.3183 1.52414 0.138105 0.0153206 -26.4485 1.57555 -26.4485
0.3 1.17451 0.0838224 1.29068 0.123968 0.0894796 0.135258 -0.453331 0.211475 -1.84239 0.634355 0.363106 0.0301469 0.25895 0.698438 -26.1896
0.5 1.85528 0.106449 1.93327 0.137352 0.566317 0.110504 -0.251866 0.123503 -0.91714 0.344683 0.611407 0.0384102 3.18587 0.42008 -23.0037
0.7 1.93031 0.106138 2.04869 0.128964 0.594124 0.086643 -0.066222 0.0829122 -0.264178 0.149317 0.71725 0.0427013 4.24272 0.254114 -18.761
0.9 1.80753 0.0980248 1.77599 0.110834 0.507997 0.0664562 -0.087762 0.053559 -0.15782 0.0863526 0.690142 0.0400624 3.84593 0.191402 -14.9151
1.1 1.27713 0.0747796 1.25535 0.0836689 0.346048 0.0476669 0.0177212 0.0332425 -0.00465284 0.0298319 0.580368 0.0345029 2.8916 0.129845 -12.0235
1.3 0.942268 0.0541431 0.800379 0.0563143 0.188035 0.035662 0.00443529 0.00845946 0.0379404 0.0285271 0.478531 0.0277555 1.97306 0.090884 -10.0504
1.5 0.565549 0.0407401 0.51284 0.0444246 0.203414 0.0337237 0.0810661 0.0231015 0.0767665 0.0566402 0.308547 0.0222223 1.43964 0.0922626 -8.61078
1.7 0.422682 0.0318352 0.32264 0.0362611 0.148903 0.0281675 0.0478307 0.0258785 0.276074 0.128556 0.230664 0.0177833 1.21813 0.142541 -7.39265
1.9 0.929163 0.0665238 0.907231 0.07553 0.404174 0.0606846 0.303859 0.0666807 0.57182 0.147079 0.411237 0.0308862 3.11625 0.199729 -4.27641
