0.1 0.484458 0.0827968 0.385933 0.186335 -0.383527 0.35436 -1.30243 0.705517 -35.1345 3.10579 0.162493 0.0309716 -35.9501 3.21104 -35.9501
0.3 1.27885 0.147507 1.55883 0.240184 0.290398 0.219496 -0.616344 0.267784 -0.437449 0.549517 0.374529 0.0551832 2.07429 0.708027 -33.8758
0.5 1.90306 0.181738 2.22121 0.230322 0.667297 0.141388 0.0450909 0.0579598 0.37503 0.292212 0.711365 0.066621 5.2117 0.441378 -28.6641
0.7 2.19643 0.183584 2.12491 0.213322 0.797441 0.13348 0.160975 0.0613139 0.278613 0.218755 0.707712 0.0728236 5.55837 0.385538 -23.1057
0.9 1.7924 0.149877 1.77105 0.171063 0.737342 0.114279 0.26111 0.10238 0.680921 0.35507 0.771606 0.0682618 5.24283 0.448711 -17.8629
1.1 1.32525 0.132513 1.23841 0.134226 0.474359 0.0936267 0.207489 0.129793 0.540725 0.353597 0.503491 0.0607114 3.78623 0.431531 -14.0766
1.3 1.06403 0.086427 0.919536 0.0938063 0.206903 0.0924089 0.100806 0.0897617 0.087264 0.125785 0.481387 0.042734 2.37853 0.220653 -11.6981
1.5 0.579201 0.0719448 0.507716 0.0745752 0.204187 0.0659881 -0.00769673 0.0271399 0.058372 0.113015 0.295808 0.0423876 1.34178 0.169118 -10.3563
1.7 0.426409 0.0601242 0.296134 0.077579 0.170114 0.0546821 0.0497391 0.0581961 0.0402139 0.0429017 0.174788 0.0307614 0.98261 0.133607 -9.37372
1.9 0.740878 0.121113 0.664269 0.127929 0.236899 0.0783783 0.133628 0.0507923 0.396567 0.253529 0.249395 0.0594031 2.17224 0.322544 -7.20148
