0.1 0.551984 0.0898007 0.380543 0.208111 0.0759952 0.400223 -0.538488 0.80985 -38.8427 3.66875 0.151872 0.0329114 -38.3727 3.78512 -38.3727
0.3 1.3692 0.166086 1.34748 0.247696 0.0261929 0.235216 -0.212647 0.302053 0.876134 0.512853 0.275913 0.0662 3.40636 0.706059 -34.9664
0.5 1.90551 0.191971 2.23125 0.266714 0.826121 0.183307 0.118759 0.0986649 0.912976 0.415226 0.572733 0.0721741 5.99462 0.56898 -28.9717
0.7 2.12621 0.216049 2.01227 0.260767 0.457638 0.149744 0.173453 0.0801877 0.0103564 0.274471 0.660642 0.0775057 4.77993 0.467829 -24.1918
0.9 1.56218 0.178376 1.67172 0.212503 0.739806 0.134521 0.158679 0.128165 0.699588 0.489906 0.75722 0.0797026 4.83198 0.592879 -19.3598
1.1 1.20293 0.145313 1.38828 0.173888 0.581788 0.113769 0.0840217 0.141016 0.573194 0.475186 0.471132 0.0663373 3.83021 0.556761 -15.5296
1.3 0.946971 0.109798 0.870122 0.116582 0.324691 0.109215 0.14274 0.111235 0.182568 0.120929 0.493164 0.0557999 2.46709 0.25411 -13.0625
1.5 0.449111 0.0780796 0.467144 0.111872 0.141471 0.090521 -0.00572807 0.0368364 0.106994 0.152881 0.301683 0.0465009 1.15899 0.227014 -11.9035
1.7 0.324989 0.0694248 0.144558 0.083608 0.0857358 0.0713417 0.127595 0.0959903 0.0555266 0.0588422 0.193373 0.037972 0.738404 0.171978 -11.1651
1.9 0.619895 0.145138 0.584697 0.142911 0.259883 0.13994 0.162684 0.0774329 0.547316 0.350412 0.228543 0.0671014 2.17447 0.435725 -8.99066
