0.1 0.476429 0.0875807 0.598708 0.206464 -0.386303 0.379714 -1.40466 0.748285 -34.7497 3.51313 0.15897 0.0322881 -35.4655 3.61891 -35.4655
0.3 1.2224 0.163793 1.43242 0.235972 -0.036842 0.218698 -0.698253 0.279118 -0.761825 0.511534 0.35155 0.0598249 1.1579 0.685502 -34.3076
0.5 2.01299 0.193064 2.22472 0.251693 0.724828 0.158377 0.204616 0.0920049 0.63797 0.34162 0.657316 0.0711481 5.80513 0.500875 -28.5025
0.7 2.11639 0.192956 1.90895 0.226471 0.618083 0.148269 0.0884773 0.0609143 0.16321 0.28141 0.717964 0.0801471 4.89511 0.43978 -23.6074
0.9 1.68445 0.154485 1.66281 0.193279 0.768544 0.122991 0.173575 0.113577 0.599947 0.420229 0.709324 0.0729231 4.88932 0.515598 -18.7181
1.1 1.23046 0.132751 1.27293 0.14971 0.530199 0.0990297 0.169788 0.143354 0.570611 0.414678 0.547332 0.0671021 3.77399 0.492292 -14.9441
1.3 1.07016 0.09796 0.987011 0.0980539 0.25651 0.0974384 0.129589 0.0955204 0.15579 0.103787 0.485116 0.0493717 2.59906 0.220456 -12.345
1.5 0.500097 0.0750272 0.556568 0.107329 0.264323 0.0764654 -0.00531355 0.0316357 0.0895705 0.131581 0.30398 0.0462471 1.40524 0.203248 -10.9398
1.7 0.407778 0.0605137 0.233387 0.073573 0.194557 0.0618373 0.0804146 0.0661187 0.0476347 0.0505176 0.183326 0.0318488 0.963771 0.140792 -9.976
1.9 0.631354 0.121157 0.584434 0.13946 0.164011 0.0842066 0.130899 0.0592948 0.365844 0.281582 0.239056 0.0647138 1.87654 0.352169 -8.09946
