0.1 0.494153 0.0706964 0.505135 0.140514 -1.02292 0.292569 -2.70466 0.554252 -30.4866 2.48608 0.168177 0.0255102 -33.2149 2.56869 -33.2149
0.3 1.62591 0.13143 1.74707 0.19706 0.474537 0.189607 -0.902391 0.271604 -1.14362 0.643991 0.432455 0.0460084 1.80151 0.761939 -31.4134
0.5 2.21358 0.174843 2.21875 0.223456 0.644812 0.146567 -0.0347694 0.104367 -0.185497 0.141399 0.799501 0.0616824 4.85688 0.364514 -26.5565
0.7 2.32581 0.166583 2.2218 0.185246 0.455521 0.105149 0.0675008 0.0533426 -0.247645 0.0971771 0.828778 0.0659371 4.82298 0.292252 -21.7336
0.9 2.02664 0.147254 1.81647 0.143956 0.688888 0.0901022 0.112104 0.0578574 0.471152 0.212264 0.783221 0.0555451 5.11526 0.31453 -16.6183
1.1 1.57359 0.118743 1.53286 0.119528 0.603865 0.0846486 0.271453 0.089256 0.497635 0.221287 0.691255 0.0508359 4.4794 0.304116 -12.1389
1.3 1.02218 0.075928 0.972941 0.0881111 0.336611 0.0633192 0.114284 0.0626158 0.0562909 0.081044 0.567632 0.0394431 2.5023 0.167412 -9.6366
1.5 0.638756 0.0583709 0.566707 0.0680504 0.199522 0.0517438 0.038586 0.0370364 0.143966 0.132381 0.354225 0.0329483 1.58754 0.172081 -8.04906
1.7 0.407076 0.0457726 0.363066 0.0512025 0.205579 0.0458583 0.052938 0.0461934 0.0937047 0.0510595 0.217586 0.0256509 1.12236 0.107521 -6.9267
1.9 0.791979 0.092274 0.818217 0.113273 0.317774 0.0897943 0.246873 0.0768107 0.516222 0.201169 0.365908 0.0451947 2.69107 0.275276 -4.23563
