0.1 0.370307 0.148705 0.644746 0.329707 0.446321 0.671079 -1.43813 1.34297 -44.4212 3.86613
0.3 1.56617 0.226141 1.15485 0.315573 1.23696 0.41481 -0.238692 0.361936 0.523032 0.631343
0.5 2.00758 0.313849 1.70335 0.352918 1.72108 0.293385 0.804604 0.254393 0.616716 0.379458
0.7 3.40158 1.1944 2.0652 0.310566 1.592 0.239275 0.41331 0.13918 0.403254 0.270508
0.9 2.22849 0.249319 1.85612 0.253121 1.18304 0.25885 0.35311 0.192292 1.48342 0.738726
1.1 1.02809 0.48244 1.15508 0.156753 0.786387 0.232584 0.519708 0.20009 0.750745 0.544389
1.3 1.11245 0.148006 1.05904 0.164092 0.492315 0.145901 0.522014 0.213175 0.333524 0.204503
1.5 0.583979 0.119645 0.582778 0.126556 0.483524 0.102479 -0.072032 0.101308 0.273711 0.273711
1.7 0.412079 0.104479 0.378882 0.0908673 0.38299 0.1257 0.187196 0.112352 0.138096 0.0978812
1.9 0.438858 0.159256 0.508752 0.132658 0.315465 0.140006 0.112327 0.108761 0.739087 0.452726
