0.1 0.487316 0.0986153 0.402015 0.232525 0.502378 0.428943 0.236513 0.843779 -38.1513 4.16971 0.164878 0.0356966 -36.523 4.28325 -36.523
0.3 1.33775 0.180813 1.55513 0.25273 0.516817 0.221328 0.509732 0.310306 0.797958 0.738592 0.28912 0.0652587 4.71738 0.887333 -31.8057
0.5 1.70942 0.221024 2.10742 0.277044 0.669573 0.20082 0.172291 0.134686 0.994538 0.459501 0.540616 0.0770523 5.65324 0.628661 -26.1524
0.7 1.86703 0.214159 1.97408 0.26305 0.356462 0.174858 0.0919088 0.0694879 -0.15527 0.212482 0.649094 0.0861698 4.13421 0.44228 -22.0182
0.9 1.61413 0.183885 1.56514 0.211523 0.677793 0.159985 0.163658 0.131972 0.831131 0.581894 0.718345 0.0886688 4.85184 0.678357 -17.1664
1.1 1.24215 0.148448 1.26246 0.185395 0.46474 0.10212 0.218905 0.168009 0.638985 0.495298 0.44766 0.0738123 3.82725 0.583424 -13.3391
1.3 0.896076 0.114884 0.785896 0.117056 0.231037 0.111519 0.11558 0.126988 0.161346 0.117035 0.484432 0.0578141 2.18994 0.262983 -11.1492
1.5 0.46516 0.0923538 0.471587 0.114077 0.285174 0.105609 0.0288363 0.0346053 0.17541 0.17541 0.266293 0.0524506 1.42617 0.254287 -9.72301
1.7 0.361574 0.0726899 0.268322 0.0959579 0.154843 0.080767 0.111572 0.0920281 0.065904 0.0699132 0.190283 0.0398429 0.962216 0.185397 -8.76079
1.9 0.551285 0.135087 0.45682 0.127605 0.171591 0.0859945 0.16767 0.0726694 0.626843 0.407923 0.250946 0.0746995 1.97421 0.462178 -6.78658
