0.1 0.385648 0.233564 0.785403 0.368444 0.111966 0.508055 -1.17778 1.06413 -34.619 3.61526 0.205064 0.146003 -34.5137 3.82765 -34.5137
0.3 1.54798 0.411839 1.24106 0.538354 0.847585 0.445663 0.00529224 0.220865 0.119691 0.258065 0.336903 0.25896 3.76161 0.879449 -30.7521
0.5 1.74409 0.535933 1.96365 0.705014 0.371247 0.460805 0.0902582 0.234042 0.145256 0.328992 1.31036 0.299986 4.3145 1.07686 -26.4376
0.7 1.87207 0.610842 1.93314 0.73279 0.465121 0.558106 0.206133 0.131728 -0.0412522 0.127543 0.612502 0.359882 4.43521 1.12036 -22.0024
0.9 1.50481 0.595198 3.57011 0.886279 0.25051 0.611147 0.313184 0.19776 1.20163 0.507359 0.499936 0.344065 6.84024 1.34528 -15.1622
1.1 1.66704 0.580608 0.579069 0.810997 0.797766 0.628013 0.106579 0.205093 0.905094 0.470173 0.748842 0.351371 4.05554 1.28544 -11.1066
1.3 0.660858 0.578081 1.63116 0.75343 0.776726 0.568365 0.00114917 0.157772 0 0 0.911168 0.35211 3.06989 1.11793 -8.03673
1.5 -0.228822 0.53313 1.06452 0.693779 0.0482591 0.637044 -0.0421183 0.148539 0 0 1.1781 0.349489 0.841835 1.09245 -7.1949
1.7 0.525748 0.509941 0.322142 0.749776 -0.376569 0.623286 0.323368 0.136617 0.0695214 0.0706062 0.13693 0.354706 0.864211 1.11101 -6.33069
1.9 0.692801 1.04654 2.13933 1.49385 1.14534 1.05684 0.330924 0.253485 0.965034 0.554676 0.687028 0.833997 5.27343 2.19446 -1.05726
