2.5 0.810396 0.0036374
7.5 0.948562 0.00120934
12.5 0.970546 0.000838076
17.5 0.978796 0.000645697
22.5 0.982803 0.000588206
27.5 0.985197 0.000518252
32.5 0.986647 0.000498929
37.5 0.989155 0.000382229
42.5 0.989946 0.000385593
47.5 0.990308 0.00040789
52.5 0.991162 0.000327401
57.5 0.991039 0.000397238
62.5 0.991634 0.000359764
67.5 0.992323 0.000317505
72.5 0.992077 0.000374279
77.5 0.992245 0.000357715
82.5 0.992778 0.000307615
87.5 0.992628 0.000311149
92.5 0.992829 0.000282929
97.5 0.992849 0.000344483
102.5 0.991959 0.00025656
107.5 0.992789 0.000291325
112.5 0.993109 0.000307734
117.5 0.993856 0.000285573
122.5 0.993826 0.00033516
127.5 0.994326 0.000439263
132.5 0.994653 0.000404957
137.5 0.994682 0.00044737
142.5 0.995767 0.000362345
147.5 0.996 0.000385882
152.5 0.995295 0.000522116
157.5 0.996461 0.000616413
162.5 0.995904 0.000581628
167.5 0.996716 0.00049087
172.5 0.996391 0.000631308
177.5 0.997404 0.000404737
182.5 0.99762 0.000542865
187.5 0.997722 0.00042866
192.5 0.9976 0.000666609
197.5 0.996052 0.00117408
