2.5 0.279855 0.00438487
7.5 0.448348 0.00338167
12.5 0.606046 0.0030884
17.5 0.71532 0.00254656
22.5 0.780332 0.00212322
27.5 0.821199 0.00190381
32.5 0.846781 0.00177292
37.5 0.868854 0.00160232
42.5 0.884782 0.00149196
47.5 0.894253 0.0014357
52.5 0.904335 0.00131757
57.5 0.911314 0.0012852
62.5 0.917107 0.00120259
67.5 0.920934 0.00117643
72.5 0.926246 0.00112961
77.5 0.931313 0.00104062
82.5 0.936249 0.0010204
87.5 0.941436 0.000944525
92.5 0.942774 0.000871393
97.5 0.947309 0.000831412
102.5 0.954236 0.000588539
107.5 0.956142 0.000632113
112.5 0.95798 0.000693149
117.5 0.963383 0.000681508
122.5 0.963049 0.000786161
127.5 0.964351 0.000915494
132.5 0.968301 0.000903288
137.5 0.967276 0.00099443
142.5 0.967048 0.0011956
147.5 0.971352 0.00107112
152.5 0.971008 0.00122547
157.5 0.973236 0.00151938
162.5 0.975236 0.00154272
167.5 0.977209 0.00141871
172.5 0.977823 0.00137547
177.5 0.975732 0.00187187
182.5 0.97711 0.00232655
187.5 0.973732 0.00234799
192.5 0.977674 0.00235669
197.5 0.977906 0.00269372
