0.1 0.640743 0.0935398 0.602616 0.252747 0.120907 0.552465 0.497105 1.24024 -46.004 3.13269
0.3 1.30682 0.157107 2.32242 0.276927 0.814243 0.323071 0.695804 0.435974 0.818615 0.338118
0.5 1.66498 0.194988 2.39284 0.273015 0.871021 0.223691 0.263218 0.198009 0.610322 0.288298
0.7 1.77388 0.162831 2.42719 0.29005 0.869484 0.156732 0.17605 0.220595 0.701683 0.365373
0.9 1.56325 0.171375 1.74109 0.222368 0.73704 0.168553 0.373871 0.152042 0.13251 0.392195
1.1 1.24845 0.133235 1.81752 0.182209 0.509435 0.0989104 0.358291 0.147932 0.823032 0.358356
1.3 0.957633 0.108716 0.976529 0.139828 0.545971 0.13955 0.541998 0.225722 0.413126 0.202661
1.5 0.588074 0.0826927 0.63853 0.113297 0.405873 0.127393 0.371301 0.196414 0.331222 0.17932
1.7 0.394338 0.0659665 0.41599 0.0861289 0.2681 0.107029 0.134834 0.0581645 0.264379 0.175256
1.9 0.650397 0.117962 0.743197 0.167735 0.320251 0.110704 0.243806 0.114529 0.866318 0.568647
