-1.25 -0.00974026 0.00397644 -1.25 1.2289 0.044665 0.545455 0.029757
-0.9 0.336851 0.0369742 -0.9375 1.0011 0.0806267 0.266234 0.0415787
-0.7 0.527597 0.0462734 -0.8125 0.993506 0.0803202 0.0844156 0.0234127
-0.5 1.36364 0.0743925 -0.6875 1.01723 0.0812737 0.0649351 0.0205343
-0.35 2.24026 0.134848 -0.5625 1.13636 0.085901 -0.0714286 0.0215365
-0.25 3.63991 0.171886 -0.4375 1.25974 0.0904441 -0.214286 0.0373024
-0.15 4.9083 0.1996 -0.3125 2.31818 0.122691 -0.214286 0.0373024
0 7.13474 0.170164 -0.1875 3.85714 0.15826 -0.142857 0.0304572
0.15 5.15842 0.204622 0 6.18831 0.141746 -0.152597 0.0222586
0.25 3.2711 0.162945 0.1875 3.74675 0.155979 -0.227273 0.0384161
0.35 2.31331 0.137029 0.3125 2.37469 0.124178 -0.0909091 0.0242965
0.5 0.438312 0.0421766 0.4375 1.44805 0.0969687 -0.0714286 0.0215365
0.7 0.876623 0.0596467 0.5625 1.2199 0.0890022 0.0909091 0.0242965
0.9 0.242421 0.0313664 0.6875 0.993506 0.0803202 0.0779221 0.0224942
1.25 -0.00324675 0.0022958 0.8125 1 0.0805823 0.0844156 0.0234127
0 -nan -nan 0.9375 1.22727 0.089271 0.318182 0.0454545
0 -nan -nan 1.25 1.70533 0.0526156 0.581169 0.0307157
