17.5 5902 12321.9 3054
22.5 3447.08 6011.35 2138
27.5 2049.26 3242.56 1393
32.5 1019.07 1510.53 740
37.5 573.858 792.082 440
42.5 261.291 344.494 209
47.5 190.257 244.071 154
52.5 113.923 145.484 93
57.5 72.1122 88.1931 61
62.5 53.8797 67.0954 44
67.5 20.3862 23.5745 18
72.5 24.3157 27.4639 22
77.5 9.06098 10.485 8
82.5 7.15454 8.60567 6
87.5 2.13142 2.34562 2
92.5 3.12814 3.27645 3
97.5 3.73572 4.69999 3
102.5 0.987197 0.974559 1
107.5 0 0 0
112.5 0 0 0
117.5 0 0 0
122.5 1.00395 1.00792 1
127.5 0 0 0
132.5 0 0 0
137.5 1.0779 1.16187 1
142.5 0 0 0
147.5 0 0 0
152.5 0 0 0
157.5 0.960876 0.923282 1
162.5 0 0 0
167.5 0 0 0
172.5 0 0 0
177.5 0 0 0
182.5 0 0 0
187.5 0 0 0
192.5 1.11924 1.25271 1
197.5 0 0 0
202.5 0 0 0
207.5 0 0 0
212.5 0 0 0
217.5 0 0 0
222.5 0 0 0
227.5 0 0 0
232.5 0 0 0
237.5 0 0 0
242.5 0 0 0
247.5 0 0 0
252.5 1.06981 1.14449 1
257.5 0 0 0
262.5 0 0 0
267.5 0 0 0
272.5 0 0 0
277.5 0 0 0
282.5 0 0 0
287.5 0 0 0
292.5 0 0 0
297.5 0 0 0
