17.5 2400.72 3342.33 1766
22.5 1991.31 2314.63 1753
27.5 1198.93 1293.03 1145
32.5 638.697 660.731 633
37.5 318.814 327.941 317
42.5 167.003 169.691 167
47.5 120.69 122.034 121
52.5 53.2873 54.0036 53
57.5 51.0943 51.6605 51
62.5 23.2158 24.7064 22
67.5 16.1469 16.3954 16
72.5 14.8056 14.7114 15
77.5 5.00843 5.03929 5
82.5 3.01055 3.04368 3
87.5 4.30059 4.63019 4
92.5 2.11607 2.23887 2
97.5 0.982245 0.964806 1
102.5 0.931207 0.867146 1
107.5 0 0 0
112.5 0 0 0
117.5 0 0 0
122.5 1.01541 1.03106 1
127.5 0 0 0
132.5 0 0 0
137.5 0.844059 0.712436 1
142.5 0 0 0
147.5 0.945783 0.894505 1
152.5 0 0 0
157.5 0 0 0
162.5 0 0 0
167.5 0 0 0
172.5 0 0 0
177.5 0 0 0
182.5 0 0 0
187.5 0.948993 0.900587 1
192.5 0 0 0
197.5 0 0 0
202.5 0 0 0
207.5 0 0 0
212.5 0 0 0
217.5 0 0 0
222.5 0 0 0
227.5 0 0 0
232.5 0 0 0
237.5 1.01561 1.03146 1
242.5 0 0 0
247.5 0 0 0
252.5 0 0 0
257.5 0 0 0
262.5 0 0 0
267.5 0 0 0
272.5 0 0 0
277.5 0 0 0
282.5 0 0 0
287.5 0 0 0
292.5 0 0 0
297.5 0 0 0
