17.5 532.273 10390.4 28
22.5 51178.1 1.09823e+06 2474
27.5 39557.5 974141 1675
32.5 24411 706690 876
37.5 14758.3 498717 451
42.5 8569.5 336809 223
47.5 6011.94 268670 137
52.5 4310.78 218765 86
57.5 2056.7 112525 38
62.5 1249.04 71466.4 23
67.5 2013.09 131886 31
72.5 695.925 48660.5 10
77.5 774.962 54914.6 11
82.5 148.056 10973 2
87.5 250.581 20952.1 3
92.5 183.786 16920.1 2
97.5 457.8 42069.4 5
102.5 0 0 0
107.5 0 0 0
112.5 0 0 0
117.5 139.712 19519.4 1
122.5 121.834 14843.4 1
127.5 0 0 0
132.5 0 0 0
137.5 0 0 0
142.5 149.192 22258.1 1
147.5 0 0 0
152.5 0 0 0
157.5 0 0 0
162.5 0 0 0
167.5 0 0 0
172.5 0 0 0
177.5 188.531 35543.8 1
182.5 0 0 0
187.5 0 0 0
192.5 0 0 0
197.5 0 0 0
202.5 0 0 0
207.5 0 0 0
212.5 0 0 0
217.5 0 0 0
222.5 0 0 0
227.5 0 0 0
232.5 0 0 0
237.5 235.319 55375.2 1
242.5 0 0 0
247.5 0 0 0
252.5 0 0 0
257.5 0 0 0
262.5 0 0 0
267.5 0 0 0
272.5 0 0 0
277.5 0 0 0
282.5 0 0 0
287.5 0 0 0
292.5 0 0 0
297.5 0 0 0
