2.5 0.388123 0.0046141
7.5 0.625576 0.00312774
12.5 0.755555 0.00260083
17.5 0.820098 0.00225114
22.5 0.857186 0.0019702
27.5 0.883651 0.0017967
32.5 0.897518 0.00171336
37.5 0.910782 0.00154357
42.5 0.920425 0.00147202
47.5 0.925679 0.00146787
52.5 0.93255 0.00132492
57.5 0.937361 0.00127324
62.5 0.939219 0.00126759
67.5 0.941663 0.00123064
72.5 0.945248 0.00115447
77.5 0.948964 0.00106204
82.5 0.950156 0.00106267
87.5 0.952621 0.000995409
92.5 0.955784 0.000942284
97.5 0.958483 0.000880532
102.5 0.955873 0.000727089
107.5 0.958719 0.000787213
112.5 0.961034 0.00084919
117.5 0.965227 0.000893969
122.5 0.965637 0.00101099
127.5 0.967307 0.00118544
132.5 0.969933 0.00107977
137.5 0.971346 0.00118542
142.5 0.971476 0.00130659
147.5 0.972871 0.00133746
152.5 0.972248 0.00151574
157.5 0.976363 0.00155962
162.5 0.975998 0.00154207
167.5 0.979559 0.00167178
172.5 0.976058 0.00203102
177.5 0.978058 0.00179667
182.5 0.981406 0.00249238
187.5 0.980914 0.00204279
192.5 0.979438 0.00209737
197.5 0.982787 0.00218288
