2.5 0.244653 0.00433668
7.5 0.381146 0.00373654
12.5 0.476726 0.00411023
17.5 0.537941 0.00454689
22.5 0.581568 0.00490118
27.5 0.628833 0.00522329
32.5 0.656762 0.00557677
37.5 0.681397 0.00582849
42.5 0.689242 0.00609976
47.5 0.724287 0.00606423
52.5 0.71889 0.0061852
57.5 0.732415 0.00645926
62.5 0.731432 0.00676761
67.5 0.7529 0.00679136
72.5 0.760267 0.00659745
77.5 0.760692 0.00680912
82.5 0.767442 0.00685063
87.5 0.780672 0.00656771
92.5 0.778456 0.00655328
97.5 0.778981 0.00682055
102.5 0.750577 0.00578236
107.5 0.771302 0.00640947
112.5 0.78401 0.00707975
117.5 0.80911 0.00736713
122.5 0.807582 0.00882107
127.5 0.826658 0.00945752
132.5 0.817656 0.0104705
137.5 0.822055 0.0120115
142.5 0.837639 0.0135921
147.5 0.855766 0.012425
152.5 0.850659 0.0150969
157.5 0.866038 0.0165182
162.5 0.868711 0.0147911
167.5 0.881971 0.0152038
172.5 0.860405 0.02538
177.5 0.905204 0.012165
182.5 0.907424 0.0176969
187.5 0.905404 0.0234562
192.5 0.90228 0.0205855
197.5 0.876645 0.0299798
