2.5 0.744902 0.00363813
7.5 0.924829 0.000982448
12.5 0.957518 0.000578952
17.5 0.969404 0.000448585
22.5 0.975808 0.000384637
27.5 0.979298 0.00035739
32.5 0.981771 0.000333003
37.5 0.984538 0.000292329
42.5 0.986161 0.000279074
47.5 0.986967 0.000276576
52.5 0.987958 0.000246189
57.5 0.988681 0.000248404
62.5 0.989243 0.00024213
67.5 0.990098 0.000220341
72.5 0.990323 0.000234033
77.5 0.990662 0.000216752
82.5 0.991126 0.000212641
87.5 0.991236 0.000209936
92.5 0.991607 0.000188312
97.5 0.99212 0.000196113
102.5 0.991811 0.00014839
107.5 0.992623 0.000163141
112.5 0.992813 0.000176933
117.5 0.993499 0.000177119
122.5 0.993523 0.000204525
127.5 0.9941 0.000239955
132.5 0.994497 0.000227718
137.5 0.99443 0.000265408
142.5 0.995222 0.000226548
147.5 0.995282 0.00026587
152.5 0.995136 0.000331057
157.5 0.995876 0.000361224
162.5 0.995493 0.00034791
167.5 0.995953 0.000332882
172.5 0.995915 0.000386709
177.5 0.996744 0.00032014
182.5 0.996637 0.000532855
187.5 0.996716 0.000384765
192.5 0.997192 0.000443362
197.5 0.996106 0.000610745
