17.5 1.09615 0.000500715
22.5 0.967167 0.000451367
27.5 0.928652 0.000462669
32.5 0.938614 0.000470337
37.5 0.971309 0.000403179
42.5 0.989682 0.000295883
47.5 0.998019 0.000233831
52.5 0.999415 0.00021811
57.5 0.997347 0.000229066
62.5 0.996012 0.000252497
67.5 0.993785 0.000278982
72.5 0.992898 0.000310771
77.5 0.991653 0.000352339
82.5 0.992188 0.000390891
87.5 0.989682 0.000449784
92.5 0.989942 0.000496226
97.5 0.988919 0.000554801
102.5 0.989074 0.000622327
107.5 0.99056 0.000648604
112.5 0.990073 0.000767808
117.5 0.988561 0.000840375
122.5 0.98822 0.00098015
127.5 0.989452 0.00113781
132.5 0.986651 0.00130665
137.5 0.98959 0.00116763
142.5 0.98962 0.00123657
147.5 0.988293 0.00169516
152.5 0.990281 0.00168738
157.5 0.987101 0.00205617
162.5 0.986226 0.00174759
167.5 0.986822 0.00259424
172.5 0.987021 0.00194161
177.5 0.988766 0.00238724
182.5 0.986173 0.00307776
187.5 0.990719 0.00260594
192.5 0.983887 0.00368062
197.5 0.992324 0.00302351
202.5 0.983392 0.00430613
207.5 0.988174 0.00330683
212.5 0.992354 0.0037831
217.5 0.985373 0.0038974
222.5 0.985957 0.00395405
227.5 0.991082 0.00298051
232.5 0.986823 0.00555531
237.5 0.98788 0.00379589
242.5 0.983579 0.00992657
247.5 0.982057 0.00691491
252.5 0.991393 0.00526667
257.5 0.98712 0.00407318
262.5 0.998866 0.00620414
267.5 0.981543 0.0100321
272.5 0.986123 0.0116167
277.5 0.979884 0.0105501
282.5 0.99386 0.00589323
287.5 0.982504 0.00767252
292.5 1.00021 0.0046997
297.5 0.996234 0.00448209
