17.5 20.2307 0.00973646
22.5 24.6964 0.0116594
27.5 30.9753 0.0131361
32.5 34.8736 0.0260847
37.5 38.0708 0.0133847
42.5 42.908 0.011799
47.5 47.4756 0.0108986
52.5 51.8174 0.0111806
57.5 56.245 0.0127981
62.5 61.0001 0.0153475
67.5 65.9625 0.018567
72.5 70.9948 0.022339
77.5 76.0527 0.027015
82.5 81.2113 0.0327654
87.5 86.2469 0.0386046
92.5 91.3974 0.0450944
97.5 96.5682 0.0541062
102.5 101.637 0.0614481
107.5 106.637 0.0758181
112.5 111.758 0.0875273
117.5 116.84 0.101034
122.5 121.81 0.125073
127.5 126.925 0.147555
132.5 132.21 0.137191
137.5 136.804 0.194928
142.5 142.338 0.238037
147.5 147.672 0.232417
152.5 152.165 0.271905
157.5 157.7 0.325818
162.5 162.632 0.257941
167.5 167.585 0.333506
172.5 173.002 0.393105
177.5 177.755 0.417071
182.5 182.796 0.463808
187.5 187.834 0.466673
192.5 192.648 0.451943
197.5 198.458 0.584926
202.5 203.289 0.531173
207.5 210.023 0.704221
212.5 212.479 0.669102
217.5 218.192 0.862944
222.5 223.887 0.89685
227.5 229.489 0.980047
232.5 234.143 1.04614
237.5 238.7 1.33614
242.5 235.146 6.36872
247.5 249.079 1.09254
252.5 255.253 1.26296
257.5 256.164 0.803176
262.5 264.132 1.38451
267.5 269.329 2.44303
272.5 271.564 0.995439
277.5 284.961 1.49149
282.5 284.817 1.65302
287.5 288.162 1.49824
292.5 298.24 2.63107
297.5 296.863 1.40621
