1 0.917088 0.0304514 0.824096 0.0199287 0.683366 0.0128914 0.589464 0.0105312 0.455715 0.00855887 0.405644 0.00760375
3 0.0808898 0.00904375 0.163373 0.00887323 0.270428 0.0081096 0.311759 0.00765875 0.341103 0.00740479 0.244869 0.00590775
5 0.00202224 0.00142994 0.0115663 0.00236095 0.0418288 0.00318942 0.0814675 0.00391508 0.149815 0.00490736 0.202822 0.00537666
7 0 0 0.000481928 0.000481928 0.00437743 0.00103177 0.015428 0.00170374 0.0413117 0.00257695 0.100485 0.00378447
9 0 0 0.000481928 0.000481928 0 0 0.00169332 0.00056444 0.00932326 0.0012242 0.0347777 0.00222641
11 0 0 0 0 0 0 0 0 0.00241119 0.000622566 0.00869441 0.00111321
13 0 0 0 0 0 0 0.000188147 0.000188147 0.000321492 0.000227329 0.00199544 0.000533304
15 0 0 0 0 0 0 0 0 0 0 0.000285063 0.00020157
17 0 0 0 0 0 0 0 0 0 0 0.000427594 0.000246872
19 0 0 0 0 0 0 0 0 0 0 0 0
21 0 0 0 0 0 0 0 0 0 0 0 0
23 0 0 0 0 0 0 0 0 0 0 0 0
25 0 0 0 0 0 0 0 0 0 0 0 0
27 0 0 0 0 0 0 0 0 0 0 0 0
29 0 0 0 0 0 0 0 0 0 0 0 0
31 0 0 0 0 0 0 0 0 0 0 0 0
33 0 0 0 0 0 0 0 0 0 0 0 0
35 0 0 0 0 0 0 0 0 0 0 0 0
37 0 0 0 0 0 0 0 0 0 0 0 0
39 0 0 0 0 0 0 0 0 0 0 0 0
41 0 0 0 0 0 0 0 0 0 0 0 0
43 0 0 0 0 0 0 0 0 0 0 0 0
45 0 0 0 0 0 0 0 0 0 0 0 0
47 0 0 0 0 0 0 0 0 0 0 0 0
49 0 0 0 0 0 0 0 0 0 0 0 0
