1 0.903226 0.170694 0.858586 0.0931267 0.825 0.0454148 0.74541 0.0213585 0.492103 0.0110203 0.406098 0.00773415
3 0.0967742 0.0558726 0.0909091 0.030303 0.165 0.0203101 0.221542 0.011644 0.331194 0.0090408 0.244955 0.00600676
5 0 0 0.0505051 0.0225865 0.01 0.005 0.0275398 0.00410539 0.1308 0.00568157 0.202975 0.00546788
7 0 0 0 0 0 0 0.00489596 0.00173098 0.0347976 0.00293049 0.100015 0.00383821
9 0 0 0 0 0 0 0.000611995 0.000611995 0.0088845 0.00148075 0.0341729 0.00224356
11 0 0 0 0 0 0 0 0 0.00197433 0.000698032 0.00898512 0.00115043
13 0 0 0 0 0 0 0 0 0.000246792 0.000246792 0.00206216 0.000551135
15 0 0 0 0 0 0 0 0 0 0 0.000294594 0.00020831
17 0 0 0 0 0 0 0 0 0 0 0.000441891 0.000255126
19 0 0 0 0 0 0 0 0 0 0 0 0
21 0 0 0 0 0 0 0 0 0 0 0 0
23 0 0 0 0 0 0 0 0 0 0 0 0
25 0 0 0 0 0 0 0 0 0 0 0 0
27 0 0 0 0 0 0 0 0 0 0 0 0
29 0 0 0 0 0 0 0 0 0 0 0 0
31 0 0 0 0 0 0 0 0 0 0 0 0
33 0 0 0 0 0 0 0 0 0 0 0 0
35 0 0 0 0 0 0 0 0 0 0 0 0
37 0 0 0 0 0 0 0 0 0 0 0 0
39 0 0 0 0 0 0 0 0 0 0 0 0
41 0 0 0 0 0 0 0 0 0 0 0 0
43 0 0 0 0 0 0 0 0 0 0 0 0
45 0 0 0 0 0 0 0 0 0 0 0 0
47 0 0 0 0 0 0 0 0 0 0 0 0
49 0 0 0 0 0 0 0 0 0 0 0 0
