5 0.010792 0.000946518 0.0335381 0.00166858 0.0540428 0.00211811 0.0596048 0.00222443 0.0582766 0.00219951 0.0381039 0.00177854
15 0.033206 0.0016603 0.0958825 0.00282129 0.0850075 0.00265648 0.0654159 0.00233035 0.0518844 0.00207538 0.00996181 0.000909385
25 0.0607671 0.00224602 0.0916487 0.0027583 0.0556201 0.00214879 0.0307986 0.00159898 0.0133654 0.00105334 0.000415076 0.000185627
35 0.0748796 0.00249322 0.0655819 0.0023333 0.0316288 0.00162039 0.0139465 0.001076 0.00249045 0.000454692 8.30151e-05 8.30151e-05
45 0.0763739 0.00251797 0.0490619 0.00201814 0.0197576 0.00128069 0.00456583 0.000615657 0.00016603 0.000117401 8.30151e-05 8.30151e-05
55 0.0763739 0.00251797 0.0403453 0.0018301 0.0119542 0.000996181 0.00157729 0.000361854 0 0 0 0
65 0.0840943 0.00264218 0.0285572 0.0015397 0.00448282 0.000610034 0.000415076 0.000185627 0 0 0 0
75 0.0995351 0.00287453 0.0169351 0.00118569 0.00207538 0.000415076 8.30151e-05 8.30151e-05 0 0 0 0
85 0.119625 0.0031513 0.00871659 0.000850652 0.000664121 0.000234802 0.00016603 0.000117401 0 0 0 0
95 0.443965 0.0060709 0.00888262 0.000858715 0.000415076 0.000185627 0 0 0 0 0 0
