1 0.899833 0.0387586 0.752412 0.0245933 0.598425 0.014635 0.433366 0.0103036 0.297281 0.00779623 0.261189 0.00653177
3 0.0934891 0.012493 0.226688 0.0134991 0.307087 0.0104838 0.358648 0.00937341 0.334083 0.00826472 0.186867 0.00552484
5 0.0066778 0.0033389 0.0152733 0.00350394 0.0801718 0.0053567 0.147232 0.00600571 0.206502 0.00649775 0.218066 0.00596825
7 0 0 0.00562701 0.00212681 0.0132427 0.00217708 0.0467908 0.00338566 0.104273 0.00461729 0.160078 0.00511352
9 0 0 0 0 0.00071582 0.000506161 0.011024 0.00164336 0.040687 0.00288422 0.0967004 0.00397436
11 0 0 0 0 0 0 0.00293974 0.000848629 0.0110407 0.00150245 0.0457367 0.00273329
13 0 0 0 0 0.00035791 0.00035791 0 0 0.00368023 0.000867438 0.0194381 0.00178189
15 0 0 0 0 0 0 0 0 0.0014312 0.000540943 0.00849396 0.0011779
17 0 0 0 0 0 0 0 0 0.000613371 0.00035413 0.00294022 0.000693015
19 0 0 0 0 0 0 0 0 0.000408914 0.000289146 0.000326691 0.000231005
21 0 0 0 0 0 0 0 0 0 0 0 0
23 0 0 0 0 0 0 0 0 0 0 0.000163345 0.000163345
25 0 0 0 0 0 0 0 0 0 0 0 0
27 0 0 0 0 0 0 0 0 0 0 0 0
29 0 0 0 0 0 0 0 0 0 0 0 0
31 0 0 0 0 0 0 0 0 0 0 0 0
33 0 0 0 0 0 0 0 0 0 0 0 0
35 0 0 0 0 0 0 0 0 0 0 0 0
37 0 0 0 0 0 0 0 0 0 0 0 0
39 0 0 0 0 0 0 0 0 0 0 0 0
41 0 0 0 0 0 0 0 0 0 0 0 0
43 0 0 0 0 0 0 0 0 0 0 0 0
45 0 0 0 0 0 0 0 0 0 0 0 0
47 0 0 0 0 0 0 0 0 0 0 0 0
49 0 0 0 0 0 0 0 0 0 0 0 0
