1 0.894737 0.217006 0.864407 0.121041 0.785455 0.0534434 0.594005 0.0232275 0.339372 0.0104782 0.262908 0.00667143
3 0.105263 0.0744323 0.118644 0.0448432 0.167273 0.024663 0.325159 0.0171852 0.33452 0.0104031 0.185712 0.00560707
5 0 0 0 0 0.04 0.0120605 0.0672116 0.00781319 0.192171 0.00788486 0.217369 0.00606618
7 0 0 0.0169492 0.0169492 0.00727273 0.00514259 0.0108992 0.00314632 0.0844387 0.00522662 0.161673 0.0052316
9 0 0 0 0 0 0 0.0027248 0.00157316 0.0359107 0.00340849 0.0953106 0.00401686
11 0 0 0 0 0 0 0 0 0.00744096 0.00155155 0.0452006 0.00276623
13 0 0 0 0 0 0 0 0 0.0032352 0.00102306 0.0199763 0.00183897
15 0 0 0 0 0 0 0 0 0.00129408 0.00064704 0.00829524 0.00118503
17 0 0 0 0 0 0 0 0 0.00097056 0.000560353 0.00304723 0.000718239
19 0 0 0 0 0 0 0 0 0.00064704 0.000457526 0.000338581 0.000239413
21 0 0 0 0 0 0 0 0 0 0 0 0
23 0 0 0 0 0 0 0 0 0 0 0.000169291 0.000169291
25 0 0 0 0 0 0 0 0 0 0 0 0
27 0 0 0 0 0 0 0 0 0 0 0 0
29 0 0 0 0 0 0 0 0 0 0 0 0
31 0 0 0 0 0 0 0 0 0 0 0 0
33 0 0 0 0 0 0 0 0 0 0 0 0
35 0 0 0 0 0 0 0 0 0 0 0 0
37 0 0 0 0 0 0 0 0 0 0 0 0
39 0 0 0 0 0 0 0 0 0 0 0 0
41 0 0 0 0 0 0 0 0 0 0 0 0
43 0 0 0 0 0 0 0 0 0 0 0 0
45 0 0 0 0 0 0 0 0 0 0 0 0
47 0 0 0 0 0 0 0 0 0 0 0 0
49 0 0 0 0 0 0 0 0 0 0 0 0
