1 0.950073 0.0373512 0.856309 0.0249917 0.71945 0.0161278 0.610608 0.012757 0.463991 0.010316 0.412842 0.00874046
3 0.0499266 0.00856234 0.139314 0.0100804 0.249458 0.00949669 0.304104 0.00900285 0.348853 0.00894495 0.243893 0.00671804
5 0 0 0.00437637 0.00178664 0.027115 0.00313097 0.0746269 0.00445981 0.136468 0.00559464 0.211325 0.00625342
7 0 0 0 0 0.00397686 0.00119907 0.00959488 0.00159915 0.040367 0.00304278 0.0927091 0.00414194
9 0 0 0 0 0 0 0.000799574 0.000461634 0.0087156 0.00141386 0.0301628 0.00236254
11 0 0 0 0 0 0 0.000266525 0.000266525 0.00137615 0.00056181 0.00684678 0.0011256
13 0 0 0 0 0 0 0 0 0.000229358 0.000229358 0.00222058 0.000641025
15 0 0 0 0 0 0 0 0 0 0 0 0
17 0 0 0 0 0 0 0 0 0 0 0 0
19 0 0 0 0 0 0 0 0 0 0 0 0
21 0 0 0 0 0 0 0 0 0 0 0 0
23 0 0 0 0 0 0 0 0 0 0 0 0
25 0 0 0 0 0 0 0 0 0 0 0 0
27 0 0 0 0 0 0 0 0 0 0 0 0
29 0 0 0 0 0 0 0 0 0 0 0 0
31 0 0 0 0 0 0 0 0 0 0 0 0
33 0 0 0 0 0 0 0 0 0 0 0 0
35 0 0 0 0 0 0 0 0 0 0 0 0
37 0 0 0 0 0 0 0 0 0 0 0 0
39 0 0 0 0 0 0 0 0 0 0 0 0
41 0 0 0 0 0 0 0 0 0 0 0 0
43 0 0 0 0 0 0 0 0 0 0 0 0
45 0 0 0 0 0 0 0 0 0 0 0 0
47 0 0 0 0 0 0 0 0 0 0 0 0
49 0 0 0 0 0 0 0 0 0 0 0 0
