0.1 1.20841 0.0107046
0.3 0.961231 0.0135339
0.5 0.824187 0.0141594
0.7 0.727485 0.0136501
0.9 0.725224 0.014338
1.1 0.670407 0.0135915
1.3 0.66941 0.0139585
1.5 0.632252 0.0136642
1.7 0.592611 0.0131751
1.9 0.572033 0.0136188
2.1 0.561866 0.0140313
2.3 0.545257 0.0148332
2.5 0.59511 0.0172464
2.7 0.575769 0.0185181
2.9 0.623308 0.0222817
3.1 0.626486 0.0251513
3.3 0.727504 0.0327154
3.5 0.793538 0.041351
3.7 0.808921 0.0494492
3.9 1.04947 0.077002
4.1 0.826219 0.079965
4.3 0.991736 0.119148
4.5 0.92748 0.151688
4.7 1.22347 0.278878
4.9 1.00453 0.33693
5.1 0.896904 0.525173
5.3 2.92989 2.02181
