0.1 0.610152 0.10846 0.557489 0.280492 1.50496 0.687249 -0.983274 1.49551 -52.741 3.77282
0.3 1.24706 0.202108 3.70487 1.02134 0.593552 0.803772 -0.197761 0.327983 0.896622 0.521729
0.5 1.40063 0.586258 2.97291 0.434023 1.11376 0.244425 0.139985 0.257359 0.488005 0.251315
0.7 2.16099 0.25827 3.25072 0.355271 0.78809 0.207018 0.209464 0.119678 0.0305024 0.215155
0.9 2.31358 0.266236 2.64526 0.313695 0.843412 0.20305 0.653428 0.254085 1.40635 0.561154
1.1 1.58466 0.190134 1.79518 0.232317 0.607009 0.160261 0.470843 0.250946 1.14473 0.480433
1.3 1.24997 0.151488 -0.943736 1.96946 0.437359 0.159162 0.165074 0.115686 0.533753 0.396022
1.5 0.703933 0.140848 0.952873 0.172936 0.222219 0.0992235 0.305238 0.173543 0.389628 0.282722
1.7 0.507029 0.0866414 0.691974 0.164594 0.1563 0.12212 0.125344 0.144751 0.167386 0.193284
1.9 0.748747 0.207995 1.00788 0.2677 0.377633 0.16522 0.181953 0.19086 0.518491 0.321321
