-1.25 -0.0202231 0.00457784 -1.25 2.42322 0.050111 0.674202 0.0264321
-0.9 0.256579 0.025782 -0.9375 1.22668 0.071307 0.213227 0.0297295
-0.7 0.586089 0.0389662 -0.8125 1.69463 0.0838115 0 0
-0.5 1.46964 0.0617039 -0.6875 1.1332 0.0685363 -0.220378 0.0302239
-0.35 2.78449 0.120114 -0.5625 1.23728 0.0716144 -0.406779 0.0410625
-0.25 3.8533 0.141299 -0.4375 3.23902 0.115871 -0.373057 0.0393237
-0.15 9.13676 0.217579 -0.3125 2.57385 0.10329 -0.568286 0.0485344
0 7.37891 0.138262 -0.1875 4.08933 0.130194 -0.488645 0.0450052
0.15 5.21181 0.16433 0 6.32465 0.11449 -0.58509 0.0348227
0.25 4.05013 0.144862 0.1875 3.9814 0.128465 -0.435233 0.0424744
0.35 4.53639 0.153312 0.3125 3.67525 0.123427 -0.638754 0.0514557
0.5 0.638009 0.0406555 0.4375 2.59511 0.103716 -0.457602 0.0435522
0.7 0.518732 0.0366588 0.5625 1.37763 0.0755672 -0.296745 0.0350718
0.9 0.225072 0.0241472 0.6875 1.1908 0.0702565 -0.0822632 0.0184658
1.25 0.212924 0.0148542 0.8125 1.35407 0.0749182 -0.211399 0.0296018
0 -nan -nan 0.9375 1.11612 0.0680177 0.174093 0.0268632
0 -nan -nan 1.25 2.52296 0.0511319 0.686696 0.0266759
