-1.25 -0.152401 0.0178933 -1.25 1.49235 0.0559928 0.537815 0.0336134
-0.9 0.146774 0.0277646 -0.9375 1.36505 0.107103 0.142857 0.0346479
-0.7 0.568512 0.0546432 -0.8125 1.22216 0.101342 0 0
-0.5 1.33063 0.0835979 -0.6875 1.12787 0.0973543 -0.201681 0.0411679
-0.35 2.61179 0.165634 -0.5625 1.1197 0.0970014 -0.260504 0.0467879
-0.25 3.45238 0.190432 -0.4375 1.25961 0.102883 -0.12605 0.0325461
-0.15 5.39059 0.237958 -0.3125 2.35005 0.140529 -0.285714 0.0489996
0 6.8991 0.190354 -0.1875 4.07054 0.184949 -0.268908 0.0475366
0.15 5.18225 0.233314 0 6.29028 0.162572 -0.323529 0.0368696
0.25 3.81675 0.20023 0.1875 3.56566 0.1731 -0.285714 0.0489996
0.35 6.64348 0.264167 0.3125 5.31116 0.211262 -0.496686 0.0646052
0.5 0.756513 0.063034 0.4375 1.83863 0.124301 -0.336134 0.0531475
0.7 0.832904 0.06614 0.5625 1.58543 0.115425 -0.201681 0.0411679
0.9 0.492718 0.0508705 0.6875 1.15126 0.0983588 0.0588235 0.0222332
1.25 -0.0700353 0.0121298 0.8125 1.1322 0.0975413 -0.184874 0.0394153
0 -nan -nan 0.9375 1.12605 0.0972759 0.260504 0.0467879
0 -nan -nan 1.25 3.25069 0.0826389 0.558824 0.0342637
