0.1 0.572897 0.115787 0.30456 0.26623 -0.11538 0.629669 -1.34622 1.39218 -42.2811 3.47162 0.197579 0.0406915
0.3 1.37948 0.223451 1.90305 0.319459 0.405892 0.307724 -0.176574 0.456779 0.963266 0.575951 0.438659 0.102818
0.5 2.12078 0.306866 2.58269 0.297635 0.995493 0.195269 -0.015185 0.26183 0.471652 0.321994 0.762782 0.0948311
0.7 2.51793 0.303835 2.37612 0.281167 0.745266 0.173892 0.394443 0.185018 0.550313 0.571822 0.958366 0.158463
0.9 2.24389 0.240515 1.85691 0.229595 0.583653 0.156094 0.391469 0.217509 1.08042 0.515881 0.817021 0.105271
1.1 1.69849 0.203713 1.57401 0.202258 0.42254 0.152185 0.161537 0.195674 0.444653 0.466973 0.826975 0.101424
1.3 1.29696 0.14307 1.05421 0.148542 0.279546 0.133403 0.204251 0.0869987 -0.259824 0.434857 0.494462 0.0774797
1.5 0.771837 0.121901 0.490243 0.104513 0.21814 0.074129 -0.0649992 0.0869305 -0.0583283 0.224163 0.342231 0.051019
1.7 0.350768 0.0844545 0.376163 0.108419 0.12575 0.0724484 0.195034 0.166204 0.25425 0.157748 0.303392 0.0455458
1.9 0.696775 0.172417 0.631657 0.188415 0.0804885 0.0943094 0.18826 0.120747 0.544662 0.358268 0.502814 0.079456
