0.1 0.471628 0.122064 0.512475 0.25661 -1.01487 0.606144 -0.494389 1.3385 -47.8861 3.31435 0.149335 0.0359201 -48.4112 3.63657 -48.4112
0.3 3.09678 1.49727 2.10344 0.310343 0.904456 0.328711 0.336495 0.434112 1.3717 0.672917 0.576371 0.0876563 7.81287 1.75712 -40.5984
0.5 2.32587 0.274395 2.21293 0.280809 1.07175 0.178137 0.629033 0.234701 1.33166 0.530777 0.590839 0.172454 7.57124 0.722972 -33.0271
0.7 3.60172 0.975002 2.35871 0.287538 0.880106 0.192689 0.357338 0.157202 0.50643 0.477647 1.32736 0.447275 7.7043 1.15035 -25.3228
0.9 2.04526 0.231135 2.11414 0.228814 0.899224 0.225767 0.352085 0.219791 1.29353 0.57909 0.648649 0.127786 6.70425 0.735121 -18.6186
1.1 1.60612 0.168314 1.79425 0.213721 0.643416 0.214775 0.397373 0.201174 0.458926 0.332747 0.575473 0.205465 4.90008 0.52089 -13.7185
1.3 1.13233 0.142622 1.24818 0.169537 0.26611 0.144682 0.224056 0.088484 -0.359689 0.407703 0.484573 0.0678642 2.51099 0.494032 -11.2075
1.5 0.781147 0.111947 0.384197 0.112932 0.131416 0.0923527 0.0858147 0.220978 3.9412 4.0774 0.283648 0.052934 5.32377 4.08753 -5.88374
1.7 0.47008 0.0886871 0.477855 0.113107 0.125011 0.0912164 0.2526 0.174212 4.72727 4.49602 0.248316 0.0461473 6.05281 4.50262 0.169072
1.9 0.816323 0.190276 0.778206 0.185536 0.622489 0.209353 0.949344 0.42653 1.26325 0.537713 0.518612 0.0877926 4.42961 0.765193 4.59869
