0.1 -0.592894 0.557587 0.742759 1.36631 3.93654 3.34018 -5.36715 7.51078 -40.9622 15.2959 0.043002 0.0296223
0.3 -0.533189 0.356505 -0.317399 0.967549 0.754836 2.27726 6.41565 3.24552 3.4387 3.4387 -0.0219724 0.141889
0.5 0.0450221 0.43717 1.31266 0.594347 0.00291936 1.00014 3.51448 1.38472 0 0 0.0548861 0.138841
0.7 -0.106384 0.333958 0.676103 0.5797 3.60044 1.36363 0.305611 1.28026 0 0 0.00282718 0.0833881
0.9 0.30306 0.267917 1.31687 0.929233 3.22047 2.23535 -0.096215 1.49806 -0.923359 0.923359 -0.0505894 0.0577089
1.1 0.247924 0.273362 0.560066 0.341704 3.35555 1.16647 1.13073 1.35775 5.28194 5.28194 0.0682871 0.0495565
1.3 0.0898601 0.118504 0.912809 0.1886 2.85927 1.25275 2.29948 1.14645 0 0 -0.0140921 0.103592
1.5 0.106082 0.0940114 1.14159 0.513692 2.39795 1.28351 -0.540549 0.540549 0 0 0.0220186 0.0329914
1.7 0.113001 0.139187 0.529927 0.415823 1.96521 1.05087 -0.133954 0.133954 0 0 -0.0692601 0.0554836
1.9 0.203129 0.190414 1.07065 0.380476 0.632582 1.30865 -1.15333 0.831161 0 0 -0.110077 0.149537
