0.1 0.367519 0.101888 0.37903 0.239613 -0.0169233 0.489084 0.423076 1.18973 -28.7298 4.61356 0.0839222 0.0368785 -27.5771 4.7966 -27.5771
0.3 1.25883 0.204196 1.72453 0.270743 0.837004 0.31934 0.209566 0.40963 0.0934287 0.497621 0.372318 0.0641067 4.12336 0.795235 -23.4537
0.5 1.64094 0.242527 1.68576 0.251386 0.769233 0.183045 0.233825 0.184777 1.10947 0.502104 0.638563 0.0845036 5.43923 0.664658 -18.0145
0.7 1.89772 0.259832 1.29276 0.240479 0.453558 0.167059 -0.0336881 0.0789459 -0.00288719 0.0922126 0.633428 0.101084 3.60746 0.409863 -14.407
0.9 1.53733 0.204917 1.41153 0.1866 0.419535 0.150212 0.154746 0.151669 0.172413 0.388133 0.562141 0.0885592 3.69555 0.522518 -10.7115
1.1 1.39354 0.159759 1.13429 0.168879 0.254748 0.102486 0.0620005 0.12351 0.808293 0.589247 0.533685 0.0721528 3.65286 0.653463 -7.0586
1.3 0.909448 0.129088 0.652372 0.116047 0.316443 0.0893016 0.273018 0.106888 0.240854 0.186481 0.381564 0.0610992 2.39213 0.290354 -4.66646
1.5 0.553855 0.093184 0.253469 0.080583 0.0250319 0.0503306 -0.161554 0.0937689 -0.171354 0.171354 0.209263 0.0493033 0.499448 0.236357 -4.16701
1.7 0.233672 0.0606862 0.354165 0.0947603 -0.0172728 0.0460502 0.0893181 0.0910299 0.27168 0.267059 0.171845 0.0375048 0.931562 0.307229 -3.23545
1.9 0.473984 0.13045 0.3602 0.133175 0.154555 0.096946 0.24397 0.141309 0.665661 0.425575 0.296344 0.0624852 1.89837 0.495211 -1.33708
