0.1 0.365569 0.0885886 0.203679 0.184311 0.520069 0.448251 -0.411668 1.03055 -25.1169 3.84176 0.0987161 0.028368 -24.4393 4.00798 -24.4393
0.3 0.707573 0.145378 1.23319 0.240925 0.354219 0.240622 -0.187085 0.309768 0.0699632 0.342785 0.322671 0.0546667 2.17786 0.592061 -22.2614
0.5 1.26746 0.20464 1.79112 0.219852 0.629548 0.146042 -0.0509791 0.17015 0.890265 0.397498 0.504563 0.0679771 4.52742 0.546348 -17.734
0.7 1.5909 0.187855 1.367 0.196795 0.480741 0.151993 0.0580887 0.0814125 0.4262 0.344826 0.481859 0.0800613 3.92292 0.471861 -13.8111
0.9 1.33691 0.176061 1.26789 0.164971 0.588908 0.131967 0.228603 0.175284 0.444492 0.314959 0.564475 0.0756208 3.8668 0.453378 -9.9443
1.1 1.1933 0.135689 1.05293 0.145787 0.307681 0.103512 0.386316 0.143423 0.725048 0.346161 0.468768 0.0711512 3.66527 0.436781 -6.27903
1.3 0.814455 0.10547 0.714388 0.115356 0.262296 0.0885511 0.219399 0.0786535 0.341606 0.215441 0.350811 0.0505244 2.35214 0.29133 -3.92688
1.5 0.512853 0.0747037 0.344508 0.084059 0.0831365 0.0722523 -0.0511939 0.0345513 0.129443 0.119255 0.224599 0.0394089 1.01875 0.182435 -2.90813
1.7 0.297216 0.0610518 0.255315 0.0889737 0.130187 0.0616203 0.0558012 0.0494194 -0.00350717 0.00350717 0.191851 0.0371629 0.735012 0.133773 -2.17312
1.9 0.443022 0.117748 0.277959 0.130975 0.0826678 0.0824329 0.135685 0.0958831 0.776012 0.3504 0.329115 0.0562093 1.71535 0.412053 -0.457776
