0.1 0.559865 0.104713 0.492082 0.242574 -0.681912 0.557988 -0.998979 1.212 -44.0242 2.88909 0.18799 0.0327195 -44.6532 3.19327 -44.6532
0.3 1.58302 0.198548 1.67438 0.280185 0.27621 0.316002 -0.623967 0.444136 -0.01376 0.55757 0.544799 0.0631299 2.89589 0.852011 -41.7573
0.5 2.23844 0.231565 2.12937 0.254382 0.933013 0.176527 0.452195 0.210052 0.856023 0.366776 0.728299 0.0768029 6.60904 0.572836 -35.1483
0.7 2.58036 0.248011 2.27549 0.223733 0.735631 0.153205 0.435359 0.169733 0.834713 0.457959 0.903801 0.0988489 6.86155 0.611207 -28.2867
0.9 2.12984 0.202177 1.86769 0.200052 0.826483 0.199127 0.332601 0.194765 1.27645 0.493572 0.836824 0.0864505 6.43307 0.634109 -21.8536
1.1 1.71828 0.15056 1.69648 0.172243 0.4092 0.123153 0.627741 0.161669 0.836748 0.385103 0.703573 0.0784911 5.28845 0.491878 -16.5652
1.3 1.09584 0.118336 1.14565 0.127033 0.257171 0.115078 0.150273 0.0629869 0.199488 0.140002 0.571841 0.0626338 2.84842 0.25875 -13.7168
1.5 0.81483 0.100577 0.408541 0.0905559 0.151412 0.0757177 -0.0991598 0.0730056 -0.0618315 0.176743 0.347136 0.0454923 1.21379 0.246206 -12.503
1.7 0.44457 0.0755115 0.455185 0.0928394 0.108719 0.0682453 0.110677 0.0904487 0.139217 0.0792237 0.291556 0.0395706 1.25837 0.182855 -11.2446
1.9 0.781529 0.159135 0.782266 0.153834 0.478845 0.175106 0.921245 0.364342 1.18831 0.475491 0.502672 0.0756382 4.1522 0.662184 -7.09241
