0.1 0.570455 0.0982976 0.499018 0.213816 -0.678627 0.497224 -2.10684 1.06463 -48.4645 2.92093 0.242949 0.0346449 -50.1805 3.15719 -50.1805
0.3 2.95127 0.978436 1.69736 0.26946 0.152366 0.277923 -0.987598 0.364876 -0.923545 0.638073 0.532569 0.0873722 2.88985 1.28353 -47.2907
0.5 2.65097 0.298617 2.71748 0.266824 0.877732 0.158079 0.133065 0.14141 0.480229 0.258587 0.765622 0.127302 6.85948 0.521747 -40.4312
0.7 3.80555 0.659658 2.77763 0.254304 0.772837 0.126302 0.387736 0.128191 0.458627 0.322558 1.35572 0.310396 8.20238 0.797651 -32.2288
0.9 2.4795 0.221912 2.35796 0.189014 0.984236 0.16703 0.300803 0.164509 1.16666 0.407566 1.01533 0.104733 7.28916 0.553212 -24.9396
1.1 2.06722 0.166022 2.11741 0.179087 0.884124 0.155148 0.579848 0.179916 0.940795 0.334409 0.746582 0.145669 6.5894 0.477395 -18.3502
1.3 1.40673 0.116467 1.31651 0.123503 0.438959 0.104557 0.199649 0.067444 0.08665 0.30474 0.714232 0.0641942 3.4485 0.370358 -14.9018
1.5 1.01366 0.0864501 0.671972 0.09221 0.229059 0.0714357 0.140214 0.142749 2.81912 2.59895 0.463296 0.0479741 4.87402 2.60691 -10.0277
1.7 0.542961 0.0704461 0.499137 0.0802097 0.0931206 0.0611232 0.265808 0.145804 3.08848 2.86914 0.393139 0.0399928 4.4895 2.87548 -5.53822
1.9 0.971318 0.144228 0.998799 0.156047 0.500638 0.129245 0.352811 0.227343 1.26369 0.552044 0.569311 0.0682543 4.08725 0.646757 -1.45097
