0.1 0.665994 0.128149 0.277426 0.277547 -1.17362 0.668792 -1.48804 1.56735 -47.2052 3.55913 0.183599 0.0439193
0.3 1.57128 0.23259 1.91441 0.354934 0.655692 0.348938 -0.275134 0.529986 0.719122 0.596066 0.618552 0.0774506
0.5 2.60349 0.320068 2.8573 0.306378 1.14178 0.212522 0.302945 0.2005 1.02595 0.462849 0.909846 0.0961484
0.7 2.93768 0.326937 2.5552 0.306413 0.742916 0.187587 0.380791 0.172685 0.515478 0.432479 1.01563 0.124359
0.9 2.41581 0.254437 2.20746 0.23773 0.705629 0.179404 0.288195 0.263993 1.17048 0.605426 0.90201 0.105395
1.1 2.03679 0.196811 1.91875 0.198588 0.603487 0.154257 0.389835 0.227786 0.862649 0.500861 0.87694 0.104397
1.3 1.42263 0.15659 1.26346 0.147657 0.414038 0.137283 0.274195 0.100304 -0.176943 0.49432 0.654045 0.082887
1.5 0.899219 0.12331 0.523746 0.107795 0.125484 0.0790531 -0.0662061 0.100913 -0.0192334 0.258454 0.44054 0.0555773
1.7 0.438675 0.0864456 0.507982 0.1129 0.13578 0.0822393 0.0685169 0.0854198 0.150426 0.112556 0.313307 0.0477603
1.9 0.794388 0.185771 0.582359 0.194458 0.198108 0.128962 0.360828 0.173552 0.7125 0.42549 0.552717 0.0877113
