0.1 0.535132 0.117268 0.133976 0.230777 0.188432 0.622241 -1.99342 1.43978 -43.2436 3.37308
0.3 1.70255 0.194701 1.52936 0.307005 0.530988 0.368887 -0.0339679 0.472428 0.648116 0.539055
0.5 1.98325 0.231579 1.81954 0.255254 1.78545 0.261716 0.340086 0.19133 0.789148 0.37388
0.7 2.49137 0.24135 1.84605 0.232514 1.59987 0.23298 0.363248 0.124594 0.272873 0.307243
0.9 2.01909 0.216732 1.79333 0.205497 1.57893 0.218512 0.257423 0.208759 0.758796 0.488043
1.1 1.66192 0.164521 1.51796 0.168671 0.789935 0.166084 0.500424 0.173824 0.740585 0.43052
1.3 1.02073 0.130512 0.743538 0.117638 0.690828 0.146158 0.397616 0.134537 0.553664 0.265802
1.5 0.63681 0.0907753 0.388015 0.0916154 0.470567 0.102461 -0.0814062 0.085622 -0.0166615 0.221901
1.7 0.455192 0.0738551 0.255822 0.0879752 0.191143 0.0825332 0.0591644 0.0757209 0.133768 0.0961436
1.9 0.627809 0.159484 0.348061 0.162039 0.348681 0.132393 0.182062 0.122471 1.17648 0.689813
