0.1 0.415839 0.0841059 0.531299 0.171932 -0.36832 0.36207 -2.27715 0.866205 -27.438 3.45639 0.166683 0.0266251 -29.1363 3.58674 -29.1363
0.3 1.14026 0.144028 1.26645 0.210801 -0.00784872 0.215765 -0.494944 0.230058 -0.542021 0.380476 0.397124 0.0519008 1.3619 0.556259 -27.7744
0.5 1.82187 0.171061 2.1217 0.200802 0.622268 0.144194 -0.0261663 0.107393 0.765866 0.311126 0.595091 0.0595416 5.30554 0.445767 -22.4688
0.7 2.01525 0.174044 1.62878 0.178805 0.480856 0.145216 0.328261 0.151912 0.171443 0.173794 0.612711 0.0739996 4.62459 0.369637 -17.8443
0.9 1.69875 0.157965 1.7342 0.150313 0.457643 0.115294 0.0699163 0.123783 0.468945 0.230373 0.64482 0.0632665 4.42946 0.359491 -13.4148
1.1 1.40416 0.130298 1.42661 0.123194 0.303965 0.0849902 0.33941 0.130758 0.587431 0.297884 0.551582 0.0610426 4.06157 0.381064 -9.35323
1.3 0.961548 0.0922272 0.758721 0.101643 0.33694 0.0833427 0.154949 0.0701354 0.320504 0.164498 0.440678 0.0455237 2.53266 0.240337 -6.82056
1.5 0.611886 0.0739802 0.349202 0.0756456 0.054526 0.0732509 -0.0377247 0.0411769 -0.152497 0.112185 0.312495 0.0392802 0.825392 0.175619 -5.99517
1.7 0.323802 0.0564071 0.25589 0.0738776 0.084868 0.0382737 0.0727897 0.0601223 0.0436254 0.0483253 0.194524 0.0327147 0.780975 0.126707 -5.2142
1.9 0.497923 0.0963477 0.431891 0.109741 0.237409 0.0863983 0.153464 0.0941008 0.401817 0.212976 0.348321 0.0493892 1.7225 0.288105 -3.49169
