0.1 -0.0379073 0.0687685 -0.0945037 0.23196 -0.319553 0.631528 -1.25613 1.53652 -43.6158 3.65764 -0.0100024 0.0160079
0.3 -0.0702168 0.0823413 0.0565993 0.176434 -0.0455865 0.307567 -0.430337 0.517338 0.045776 0.543145 0.0278698 0.0233995
0.5 -0.0448479 0.0616872 0.102314 0.120227 0.0714693 0.161204 -0.0937353 0.313179 0.97613 0.510748 0.060691 0.027391
0.7 -0.00417477 0.0533178 -0.172244 0.104863 0.171145 0.113899 0.117705 0.229267 0.308959 0.329162 -0.00304003 0.0273269
0.9 0.0155796 0.0375944 0.057824 0.0748745 0.111547 0.128706 0.232054 0.220675 1.14252 0.587665 0.0372815 0.0231549
1.1 0.053041 0.0366494 0.162999 0.0707668 0.0875627 0.101526 0.409779 0.172864 0.897101 0.490953 -0.0150047 0.0216114
1.3 0.0535002 0.0327958 0.0774631 0.0426061 0.193412 0.119532 0.220453 0.0897945 0.270128 0.193761 -0.0714675 0.0206076
1.5 0.0134526 0.0273377 0.0612446 0.0423971 0.119803 0.0811768 0.0825738 0.0994271 0.362593 0.18009 -0.0213143 0.0200816
1.7 -0.030547 0.0258175 -0.022391 0.021611 -0.0223097 0.0764964 0.0273204 0.0967269 0.06863 0.0738046 -0.0348743 0.0184969
1.9 -0.0624017 0.0381109 0.00347366 0.0513412 0.0606233 0.100473 0.367336 0.181109 0.822576 0.451082 0.0449276 0.0324866
