-1.25 -0.342396 0.0194671 -1.25 1.38584 0.0391645 0.464843 0.0226824
-0.9 0.0667111 0.0135864 -0.9375 1.01533 0.0670454 0.20808 0.0303515
-0.7 0.370838 0.032033 -0.8125 0.95277 0.0649471 -0.00885445 0.00626105
-0.5 1.04242 0.0537066 -0.6875 0.75117 0.057668 -0.15938 0.0265634
-0.35 2.00776 0.105409 -0.5625 3.78219 0.129401 -0.187798 0.0288344
-0.25 3.58355 0.140824 -0.4375 4.23993 0.137008 -0.305479 0.0367753
-0.15 5.36797 0.172356 -0.3125 2.18155 0.0982762 -0.283019 0.0353976
0 7.54395 0.144479 -0.1875 3.88005 0.131064 -0.349751 0.0393501
0.15 5.2142 0.169869 0 6.32947 0.118368 -0.400664 0.0297811
0.25 3.36985 0.136561 0.1875 4.93299 0.147782 -0.478141 0.0460091
0.35 4.76415 0.162373 0.3125 2.08959 0.0961826 -0.383557 0.0412079
0.5 0.509236 0.0375375 0.4375 1.36776 0.0778164 -0.407305 0.0424645
0.7 0.456262 0.0355315 0.5625 1.1759 0.0721524 -0.28777 0.0356934
0.9 -0.128558 0.0188606 0.6875 0.701397 0.0557247 -0.123962 0.0234267
1.25 -0.323952 0.0189355 0.8125 0.892157 0.0628473 0.0486995 0.0146835
0 -nan -nan 0.9375 1.01218 0.0669413 0.132817 0.0242489
0 -nan -nan 1.25 1.34651 0.0386048 0.35483 0.0198174
