-1.25 -0.206973 0.0151354 -1.25 0.900941 0.031578 0.329828 0.0191064
-0.9 0.0166021 0.00677778 -0.9375 0.628666 0.0527565 0.150526 0.025815
-0.7 0.152186 0.0205207 -0.8125 0.668511 0.0544027 0.0132817 0.00766818
-0.5 0.791367 0.0467945 -0.6875 0.420587 0.0431513 -0.0929718 0.0202881
-0.35 1.37797 0.0873256 -0.5625 0.881018 0.0624537 -0.154953 0.0261918
-0.25 2.23575 0.111233 -0.4375 0.925291 0.0640037 -0.216934 0.0309906
-0.15 3.658 0.14228 -0.3125 1.399 0.0787001 -0.150526 0.025815
0 5.32097 0.121339 -0.1875 2.55008 0.106253 -0.252352 0.0334248
0.15 3.60819 0.141308 0 4.34311 0.0980508 -0.250138 0.023531
0.25 2.26895 0.112056 0.1875 2.47039 0.10458 -0.323188 0.0378262
0.35 1.65549 0.095716 0.3125 1.53182 0.0823512 -0.261206 0.0340062
0.5 0.296071 0.0286222 0.4375 0.969563 0.065517 -0.278915 0.03514
0.7 0.293304 0.0284882 0.5625 0.796901 0.0593975 -0.221361 0.0313052
0.9 -0.107914 0.01728 0.6875 0.425014 0.0433778 -0.110681 0.0221361
1.25 -0.213614 0.0153763 0.8125 0.535695 0.0486995 0.039845 0.0132817
0 -nan -nan 0.9375 0.66025 0.0540655 0.101826 0.0212322
0 -nan -nan 1.25 0.828998 0.0302909 0.252352 0.0167124
