-1.25 -0.349673 0.0195169 -1.25 1.27451 0.0372606 0.453159 0.0222179
-0.9 0.0354031 0.00981904 -0.9375 0.96732 0.0649223 0.217865 0.0308108
-0.7 0.356754 0.0311697 -0.8125 0.941176 0.0640389 -0.0305011 0.0115283
-0.5 1.03486 0.0530871 -0.6875 0.69281 0.0549434 -0.16122 0.0265044
-0.35 1.95534 0.103199 -0.5625 1.11983 0.0698528 -0.22658 0.0314209
-0.25 3.52397 0.138541 -0.4375 1.28976 0.0749658 -0.278867 0.0348584
-0.15 5.30501 0.169984 -0.3125 2.07407 0.095065 -0.300654 0.0361944
0 7.58715 0.143743 -0.1875 3.75599 0.12793 -0.383442 0.0408751
0.15 4.96732 0.164484 0 6.33333 0.117465 -0.427015 0.0305011
0.25 3.32789 0.134632 0.1875 3.64706 0.126061 -0.479303 0.0456997
0.35 2.31481 0.112285 0.3125 1.99129 0.0931484 -0.427015 0.0431351
0.5 0.522876 0.0377353 0.4375 1.35512 0.0768418 -0.413943 0.0424697
0.7 0.381264 0.0322227 0.5625 1.12854 0.0701241 -0.300654 0.0361944
0.9 -0.111656 0.0174377 0.6875 0.701525 0.0552879 -0.135076 0.0242604
1.25 -0.330065 0.0189618 0.8125 0.740741 0.0568122 0.0479303 0.0144515
0 -nan -nan 0.9375 0.906318 0.0628419 0.126362 0.0234648
0 -nan -nan 1.25 1.18845 0.0359807 0.350763 0.0195472
