-1.25 -0.282628 0.0225562 -1.25 1.23953 0.0472375 0.385212 0.0263335
-0.9 -0.0585059 0.0162266 -0.9375 0.849685 0.0782198 0.136814 0.0313872
-0.7 0.225023 0.031823 -0.8125 0.885689 0.0798598 0.0720072 0.0227707
-0.5 0.877588 0.0628454 -0.6875 0.626463 0.0671638 0.0216022 0.012472
-0.35 1.52086 0.117 -0.5625 5.21628 0.193807 -0.0894243 0.0253756
-0.25 2.89829 0.161515 -0.4375 5.20619 0.193619 -0.050405 0.0190513
-0.15 4.76148 0.207021 -0.3125 2.11483 0.123403 -0.187219 0.0367166
0 7.0207 0.177754 -0.1875 3.81638 0.165773 -0.208821 0.0387771
0.15 4.9955 0.212047 0 5.75698 0.143969 -0.241224 0.0294702
0.25 2.9793 0.163757 0.1875 5.65635 0.201816 -0.244824 0.0419871
0.35 5.02856 0.212748 0.3125 1.79298 0.113625 -0.244824 0.0419871
0.5 0.459216 0.0454608 0.4375 1.08731 0.0884839 -0.223222 0.0400919
0.7 0.544554 0.049505 0.5625 0.950495 0.08273 -0.0576058 0.0203667
0.9 0.0405041 0.0135014 0.6875 0.619262 0.0667767 0.00720072 0.00720072
1.25 -0.277228 0.0223396 0.8125 0.720345 0.0720208 0.0432043 0.0176381
0 -nan -nan 0.9375 0.843212 0.0779213 0.259226 0.0432043
0 -nan -nan 1.25 0.940605 0.0411492 0.377688 0.026075
