-1.25 -0.192843 0.0195802 -1.25 0.795229 0.0397614 0.27833 0.0235232
-0.9 -0.0596421 0.0172172 -0.9375 0.493042 0.0626164 0.111332 0.0297547
-0.7 0.109344 0.0233122 -0.8125 0.588469 0.0684082 0.0715706 0.0238569
-0.5 0.700795 0.0590176 -0.6875 0.166998 0.036442 0.0159046 0.0112462
-0.35 1.09344 0.104255 -0.5625 0.890656 0.0841591 -0.0874751 0.0263747
-0.25 1.91849 0.138096 -0.4375 0.890656 0.0841591 0 0
-0.15 3.2505 0.179753 -0.3125 1.30417 0.101839 -0.0795229 0.0251473
0 4.83598 0.155035 -0.1875 2.51292 0.141363 -0.198807 0.0397614
0.15 3.33996 0.18221 0 4.09543 0.127609 -0.222664 0.0297547
0.25 2.03777 0.142324 0.1875 1.99602 0.125988 -0.246521 0.0442765
0.35 1.5621 0.124611 0.3125 1.32803 0.102766 -0.182903 0.0381378
0.5 0.228628 0.0337094 0.4375 0.691849 0.074174 -0.0954274 0.0275475
0.7 0.347913 0.0415835 0.5625 0.596421 0.0688688 -0.119284 0.0307991
0.9 -0.124254 0.0248509 0.6875 0.413519 0.0573448 -0.0397614 0.0177819
1.25 -0.228628 0.0213197 0.8125 0.389662 0.055666 0.0874751 0.0263747
0 -nan -nan 0.9375 0.581581 0.0680066 0.198807 0.0397614
0 -nan -nan 1.25 0.699801 0.0372995 0.246521 0.0221382
