-1.25 -0.344896 0.0261465 -1.25 1.18326 0.0484295 0.374599 0.0272491
-0.9 -0.123885 0.024777 -0.9375 0.784936 0.078889 0.111001 0.0296663
-0.7 0.257681 0.0357339 -0.8125 0.753221 0.0772788 0.0317146 0.0158573
-0.5 0.837463 0.0644202 -0.6875 0.459861 0.0603827 -0.0475719 0.0194211
-0.35 1.32805 0.114726 -0.5625 5.7436 0.213398 -0.106393 0.0290439
-0.25 2.85431 0.168192 -0.4375 5.62148 0.211118 -0.0634291 0.0224256
-0.15 4.78692 0.217812 -0.3125 2.09076 0.128751 -0.17443 0.0371886
0 6.84836 0.184218 -0.1875 3.68612 0.170956 -0.285431 0.0475719
0.15 4.95453 0.221593 0 5.85134 0.152304 -0.340932 0.0367636
0.25 2.82458 0.167314 0.1875 5.41943 0.207289 -0.364718 0.0537747
0.35 5.23958 0.227878 0.3125 1.67294 0.11517 -0.34886 0.0525927
0.5 0.401575 0.044609 0.4375 0.983152 0.0882896 -0.182359 0.0380244
0.7 0.436075 0.0464858 0.5625 0.895937 0.0842826 -0.190287 0.0388423
0.9 -0.178394 0.0297324 0.6875 0.531219 0.0648987 -0.0317146 0.0158573
1.25 -0.386521 0.0276794 0.8125 0.515662 0.0639414 0.126858 0.0317146
0 -nan -nan 0.9375 0.730496 0.0761042 0.261645 0.0455466
0 -nan -nan 1.25 1.00694 0.0446756 0.3346 0.0257533
