-1.25 0.142857 0.0824786 -1.25 0.761905 0.190476 0.333333 0.125988
-0.9 0.357143 0.206197 -0.9375 0.190476 0.190476 0 0
-0.7 0.238095 0.168359 -0.8125 0.571429 0.329914 0 0
-0.5 1.78571 0.461069 -0.6875 0.571429 0.329914 0 0
-0.35 2.14286 0.714286 -0.5625 1.14286 0.466569 0.190476 0.190476
-0.25 3.80952 0.952381 -0.4375 0.571429 0.329914 -0.380952 0.269374
-0.15 5.47619 1.14186 -0.3125 2.28571 0.659829 0.190476 0.190476
0 5.95238 0.841794 -0.1875 3.42857 0.808122 -0.190476 0.190476
0.15 2.14286 0.714286 0 6.38095 0.779557 -0.47619 0.212959
0.25 3.57143 0.922139 0.1875 4.7619 0.952381 1.33333 0.503953
0.35 2.85714 0.824786 0.3125 1.71429 0.571429 0.380952 0.269374
0.5 0.47619 0.238095 0.4375 -0.190476 0.190476 0.190476 0.190476
0.7 0.714286 0.291606 0.5625 1.33333 0.503953 0.190476 0.190476
0.9 -0.238095 0.168359 0.6875 1.14286 0.466569 0.190476 0.190476
1.25 -0.142857 0.0824786 0.8125 0.380952 0.269374 0.952381 0.425918
0 -nan -nan 0.9375 0.380952 0.269374 0.952381 0.425918
0 -nan -nan 1.25 0.809524 0.196338 0.52381 0.157935
