0 0.000250438 -0.000250438 0.000250438 -0.000250438
1 -0.000250438 0.000250438 0.000250438 0.000751315
2 0.000250438 0.000250438 0.000250438 0.000250438
3 0.000250438 0.000250438 0.000250438 0.000250438
4 0.000250438 0.000250438 0.000250438 0.000250438
5 -0.000250438 0.000250438 -0.000250438 0.000250438
6 0.000250438 0.000250438 0.000250438 0.000250438
7 -0.000250438 0.000250438 0.000250438 0.000751315
8 -0.000250438 0.000250438 0.000250438 0.000751315
9 0.000250438 0.000250438 -0.000250438 -0.000250438
10 0.000250438 0.000250438 0.000250438 0.000250438
11 0.000250438 -0.000250438 0.000250438 -0.000250438
12 0.000250438 0.000250438 0.000250438 0.000250438
13 0.000250438 0.000250438 0.000250438 0.000250438
14 0.000250438 0.000250438 0.000250438 0.000250438
15 0 0 0 0
16 0 0 0 0
17 0 0 0 0
18 0 0 0 0
19 0 0 0 0
20 0 0 0 0
21 0 0 0 0
22 0 0 0 0
23 0 0 0 0
24 0 0 0 0
25 0 0 0 0
26 0 0 0 0
27 0 0 0 0
28 0 0 0 0
29 0 0 0 0
30 0 0 0 0
31 0 0 0 0
32 0 0 0 0
33 0 0 0 0
34 0 0 0 0
35 0 0 0 0
36 0 0 0 0
37 0 0 0 0
38 0 0 0 0
39 0 0 0 0
40 0 0 0 0
41 0 0 0 0
42 0 0 0 0
43 0 0 0 0
44 0 0 0 0
45 0 0 0 0
46 0 0 0.000250438 0.000250438
47 0.000250438 0.000250438 -0.000250438 -0.000250438
48 0.000250438 -0.000250438 0.000250438 -0.000250438
49 0.000250438 -0.000250438 0.000250438 -0.000250438
50 -0.000250438 0.000250438 0.000250438 0.000751315
51 0.000250438 0.000250438 -0.000250438 -0.000250438
52 0.000250438 -0.000250438 0.000250438 -0.000250438
53 0.000250438 0.000250438 0.000250438 0.000250438
54 0.000250438 -0.000250438 0.000250438 -0.000250438
55 0.000250438 0.000250438 0.000250438 0.000250438
56 0.000250438 0.000250438 0.000250438 0.000250438
57 -0.000250438 0.000250438 0.000250438 0.000751315
58 0.000250438 -0.000250438 0.000250438 -0.000250438
59 0.000250438 0.000250438 0.000250438 0.000250438
60 0.000250438 0.000250438 -0.000250438 -0.000250438
61 0.000250438 0.000250438 0.000250438 0.000250438
62 0.000250438 0.000250438 -0.000250438 -0.000250438
63 0.000250438 0.000250438 0.000250438 0.000250438
64 0.000250438 0.000250438 -0.000250438 -0.000250438
65 0.000250438 0.000250438 0.000250438 0.000250438
66 0.000250438 0.000250438 0 0
67 0 0 0 0
68 0 0 0 0
69 0 0 0 0
70 0 0 0 0
71 0 0 0 0
72 0 0 0 0
73 0 0 0 0
74 0 0 0 0
75 0 0 0 0
76 0 0 0 0
77 0 0 0 0
78 0 0 0 0
79 0 0 0 0
80 0 0 0 0
81 0 0 0 0
82 0 0 0 0
83 0 0 0 0
84 0 0 0 0
85 0 0 0 0
86 0 0 0 0
87 0 0 0 0
88 0 0 0 0
89 0 0 0 0
90 0 0 0 0
91 0 0 0 0
92 0 0 0 0
93 0 0 0 0
94 0 0 0 0
95 0 0 0 0
96 0 0 0 0
97 0 0 0 0
98 0 0 0 0
99 0 0 0 0
