0.025 14.3628 0.171623 12.5921 0.175003
0.075 3.38883 0.115974 3.82415 0.112556
0.125 1.1153 0.0559648 1.51995 0.0614187
0.175 0.576464 0.0318558 0.91849 0.037245
0.225 0.341454 0.0197792 0.658195 0.0260416
0.275 0.21512 0.0118973 0.487082 0.0188083
0.325 0.15126 0.00895542 0.557249 0.0261431
0.375 0.119129 0.00963904 0.556638 0.0242893
0.425 0.11665 0.0132032 0.613454 0.0293851
0.475 0.0966166 0.0078137 0.57247 0.0264959
0.55 0.074529 0.00634354 0.585088 0.0221598
0.65 0.0594965 0.00622915 0.572666 0.0231213
0.75 0.0541672 0.0060501 0.581325 0.0231773
0.9 0.0437019 0.0049649 0.512607 0.0176523
