0.025 14.3289 0.17695 12.6807 0.180379
0.075 3.44375 0.117429 3.92572 0.118226
0.125 1.02702 0.0496165 1.5208 0.0625342
0.175 0.595084 0.0350197 0.860547 0.0377229
0.225 0.372171 0.0252061 0.577708 0.0244336
0.275 0.233107 0.0165557 0.434501 0.0182515
0.325 0.147337 0.0100068 0.461066 0.0228634
0.375 0.113869 0.00836643 0.5075 0.0240987
0.425 0.104907 0.00983516 0.489562 0.0252149
0.475 0.0815562 0.00709574 0.488797 0.0248485
0.55 0.0736828 0.00609841 0.516521 0.0238084
0.65 0.0642209 0.00578471 0.485249 0.0206803
0.75 0.065545 0.00672839 0.492762 0.0195085
0.9 0.0530529 0.00470855 0.445803 0.0170072
