-1.25 0.692502 0.0341586 -1.25 1.8214 0.0553977 0.451559 0.0275833
-0.9 1.51643 0.0799228 -0.9375 2.40607 0.127343 0.545914 0.0606571
-0.7 2.31255 0.0986973 -0.8125 2.8711 0.139105 0.478517 0.0567896
-0.5 3.56361 0.122519 -0.6875 3.23505 0.147659 0.404381 0.0522053
-0.35 4.77675 0.200605 -0.5625 3.14069 0.14549 0.404381 0.0522053
-0.25 5.90564 0.223053 -0.4375 3.89553 0.162033 0.532435 0.0599036
-0.15 8.14659 0.261977 -0.3125 4.26622 0.169567 0.512216 0.0587552
0 9.02275 0.194953 -0.1875 5.5198 0.192877 0.586352 0.0628635
0.15 7.82645 0.256778 0 7.57877 0.15981 0.556024 0.0432864
0.25 5.62763 0.21774 0.1875 5.75569 0.196956 0.491997 0.0575839
0.35 4.59983 0.196855 0.3125 4.90649 0.181847 0.512216 0.0587552
0.5 1.44903 0.0781265 0.4375 3.87532 0.161612 0.43134 0.0539174
0.7 2.13564 0.0948469 0.5625 3.58551 0.155452 0.552654 0.0610304
0.9 1.27211 0.073202 0.6875 2.92502 0.140406 0.458298 0.0555768
1.25 0.731255 0.0351014 0.8125 2.56782 0.131553 0.390901 0.0513279
0 -nan -nan 0.9375 2.48694 0.129465 0.370682 0.0499828
0 -nan -nan 1.25 1.71188 0.0537064 0.360573 0.0246483
