-1.25 1.64103 0.290095 -1.25 1.69231 0.294593 0.615385 0.177646
-0.9 2.82051 0.601335 -0.9375 1.64103 0.58019 0.615385 0.355292
-0.7 2.4359 0.558833 -0.8125 2.05128 0.648672 0.410256 0.290095
-0.5 3.33333 0.65372 -0.6875 2.46154 0.710585 0.820513 0.410256
-0.35 6.66667 1.30744 -0.5625 2.46154 0.710585 0.615385 0.355292
-0.25 2.5641 0.81084 -0.4375 3.07692 0.794458 0.410256 0.290095
-0.15 5.89744 1.2297 -0.3125 3.07692 0.794458 1.02564 0.458681
0 4.35897 0.747558 -0.1875 5.33333 1.04595 0.615385 0.355292
0.15 2.5641 0.81084 0 5.84615 0.774342 0.717949 0.271359
0.25 3.84615 0.993073 0.1875 4.92308 1.00492 0.410256 0.290095
0.35 3.33333 0.9245 0.3125 2.46154 0.710585 1.02564 0.458681
0.5 1.15385 0.384615 0.4375 3.89744 0.894133 0.410256 0.290095
0.7 2.05128 0.512821 0.5625 2.66667 0.7396 1.23077 0.502459
0.9 2.05128 0.512821 0.6875 1.4359 0.542718 0.615385 0.355292
1.25 1.17949 0.24594 0.8125 2.66667 0.7396 0.615385 0.355292
0 -nan -nan 0.9375 1.64103 0.58019 0.615385 0.355292
0 -nan -nan 1.25 1.79487 0.303389 0.410256 0.145048
