-1.25 0.943396 0.0444721 -1.25 2.57233 0.0734351 0.677149 0.0376776
-0.9 1.90252 0.0998562 -0.9375 3.38784 0.168551 0.612159 0.0716478
-0.7 3.087 0.127198 -0.8125 3.86583 0.18005 0.578616 0.0696572
-0.5 4.7956 0.158538 -0.6875 4.50314 0.194325 0.78826 0.0813028
-0.35 7.0021 0.270919 -0.5625 4.68763 0.198266 0.763103 0.0799949
-0.25 8.41719 0.297036 -0.4375 5.45912 0.21396 0.603774 0.0711554
-0.15 11.0168 0.339823 -0.3125 6.09644 0.226104 0.687631 0.0759361
0 12.8826 0.259844 -0.1875 7.71488 0.254352 0.855346 0.0846919
0.15 11.0692 0.340631 0 10.9099 0.213878 0.918239 0.0620488
0.25 8.59539 0.300164 0.1875 8.50314 0.26703 0.696017 0.0763978
0.35 6.49895 0.261004 0.3125 6.48218 0.233148 0.696017 0.0763978
0.5 2.27463 0.109186 0.4375 5.61006 0.216898 0.662474 0.0745341
0.7 3.04507 0.126331 0.5625 4.83857 0.201432 0.696017 0.0763978
0.9 2.0283 0.103104 0.6875 4.18449 0.187323 0.763103 0.0799949
1.25 1.03354 0.0465484 0.8125 3.66457 0.1753 0.528302 0.0665598
0 -nan -nan 0.9375 3.40461 0.168968 0.503145 0.0649557
0 -nan -nan 1.25 2.40671 0.0710318 0.570231 0.0345753
