-1.25 0.747515 0.0385501 -1.25 1.96223 0.0624584 0.491054 0.031245
-0.9 1.50099 0.0863725 -0.9375 2.64016 0.144898 0.45328 0.0600384
-0.7 2.39066 0.109005 -0.8125 2.7833 0.148774 0.429423 0.0584371
-0.5 3.68787 0.135386 -0.6875 3.51491 0.167187 0.604374 0.0693264
-0.35 4.75149 0.217328 -0.5625 3.51491 0.167187 0.532803 0.0650923
-0.25 6.02386 0.244702 -0.4375 4.06362 0.179764 0.405567 0.0567907
-0.15 8.51889 0.291 -0.3125 4.58052 0.190855 0.485089 0.0621093
0 9.52286 0.217555 -0.1875 5.66203 0.212193 0.667992 0.0728839
0.15 8.15109 0.284649 0 7.82107 0.176345 0.719682 0.0534935
0.25 6.16302 0.247513 0.1875 6.17097 0.221525 0.596421 0.0688688
0.35 4.9006 0.220712 0.3125 5.02584 0.199917 0.540755 0.0655762
0.5 1.58549 0.0887702 0.4375 4.00795 0.178528 0.596421 0.0688688
0.7 2.23658 0.105433 0.5625 3.68986 0.171297 0.516899 0.0641134
0.9 1.43141 0.0843467 0.6875 3.03777 0.155426 0.55666 0.0665336
1.25 0.77336 0.0392109 0.8125 2.77535 0.148561 0.500994 0.0631193
0 -nan -nan 0.9375 2.62425 0.14446 0.389662 0.055666
0 -nan -nan 1.25 1.80716 0.0599396 0.413519 0.0286724
