-1.25 1.06561 0.0460272 -1.25 2.78892 0.0744618 0.713718 0.0376686
-0.9 2.02783 0.100393 -0.9375 3.67055 0.170849 0.620278 0.0702327
-0.7 3.93997 0.139937 -0.8125 4.17495 0.18221 0.667992 0.0728839
-0.5 5.23005 0.161227 -0.6875 4.9772 0.198948 0.811133 0.0803142
-0.35 7.10736 0.2658 -0.5625 4.85476 0.196485 0.811133 0.0803142
-0.25 8.95921 0.298425 -0.4375 5.94036 0.217346 0.644135 0.0715706
-0.15 12.0577 0.346204 -0.3125 6.70742 0.230953 0.747515 0.0771003
0 13.499 0.259022 -0.1875 7.9841 0.251976 0.930417 0.0860171
0.15 11.6501 0.340303 0 11.4358 0.213238 0.950298 0.0614697
0.25 8.76242 0.29513 0.1875 9.10482 0.26908 0.739563 0.0766891
0.35 6.73956 0.258831 0.3125 7.06958 0.237106 0.755467 0.0775093
0.5 2.33101 0.107636 0.4375 5.7411 0.21367 0.715706 0.075442
0.7 3.2475 0.127046 0.5625 5.22465 0.203833 0.691849 0.074174
0.9 2.11453 0.102516 0.6875 4.30482 0.185022 0.795229 0.0795229
1.25 1.06958 0.046113 0.8125 4.39302 0.186908 0.612326 0.069781
0 -nan -nan 0.9375 3.64215 0.170186 0.548708 0.0660567
0 -nan -nan 1.25 2.55441 0.0712626 0.574553 0.0337972
