0.00166667 5.4078 0.399756
0.005 17.6418 0.722033
0.00833333 26.0047 0.876619
0.0116667 31.8262 0.96979
0.015 34.2199 1.0056
0.0183333 35.6383 1.02623
0.0216667 33.4515 0.994244
0.025 27.9846 0.909378
0.0283333 23.9066 0.840512
0.0316667 19.0603 0.750498
0.035 14.2139 0.6481
0.0383333 10.6678 0.561466
0.0416667 6.85579 0.450105
0.045 4.66903 0.371448
0.0483333 3.25059 0.309932
0.0516667 1.6844 0.223104
0.055 1.15248 0.184545
0.0583333 0.975177 0.169757
0.0616667 0.443262 0.11445
0.065 0.147754 0.0660777
0.0683333 0.118203 0.0591017
0.0716667 0.206856 0.0781841
0.075 0.0591017 0.0417912
0.0783333 0.0295508 0.0295508
0.0816667 0.0591017 0.0417912
0.085 0.147754 0.0660777
0.0883333 0.0295508 0.0295508
0.0916667 0.0295508 0.0295508
0.095 0.0886525 0.0511835
0.0983333 0.0295508 0.0295508
