17.5 0.893413 0.000820597
22.5 0.965271 0.000930173
27.5 0.94203 0.0009529
32.5 1.01222 0.00189571
37.5 1.0209 0.000935528
42.5 1.01362 0.000721984
47.5 1.01781 0.000600517
52.5 1.02909 0.00056766
57.5 1.03935 0.000586777
62.5 1.04377 0.000633297
67.5 1.04199 0.000725436
72.5 1.03856 0.000844802
77.5 1.0338 0.000904783
82.5 1.0313 0.00109642
87.5 1.02585 0.00112321
92.5 1.02195 0.00119436
97.5 1.0199 0.00126682
102.5 1.01781 0.00174035
107.5 1.01953 0.00216617
112.5 1.01308 0.00285868
117.5 1.01572 0.00254433
122.5 1.01154 0.00284001
127.5 1.01058 0.00225566
132.5 1.00808 0.00237402
137.5 1.00833 0.0027008
142.5 1.01044 0.00498368
147.5 1.00528 0.00296881
152.5 1.00259 0.00336008
157.5 1.01768 0.00968052
162.5 1.00775 0.00383273
167.5 1.00078 0.00420478
172.5 0.998391 0.00491634
177.5 0.999619 0.00472437
182.5 1.0082 0.015492
187.5 0.997657 0.00385524
192.5 0.990138 0.00655125
197.5 1.01 0.00481925
202.5 0.998261 0.00735526
207.5 0.992587 0.00697004
212.5 1.00832 0.00483952
217.5 0.985969 0.00853588
222.5 1.00791 0.0075649
227.5 0.995197 0.0169587
232.5 1.00071 0.00970079
237.5 0.991178 0.015509
242.5 0.99253 0.0101451
247.5 0.998861 0.00769634
252.5 0.986821 0.020253
257.5 0.990073 0.0072309
262.5 1.01767 0.00136556
267.5 1.02417 0.0164081
272.5 1.01211 0.0109514
277.5 1.02907 -nan
282.5 0.982686 0.0168207
287.5 0.944659 -nan
292.5 0.989429 -nan
297.5 0 0
