0.1 0.450024 0.0937415 0.872577 0.242672 0.622382 0.596204 0.862228 1.26544 -45.5789 3.31923
0.3 1.22458 0.147117 1.91588 0.314358 0.48165 0.338319 0.283218 0.345412 0.399695 0.396124
0.5 1.82054 0.193339 1.95331 0.254228 0.983168 0.216533 0.548268 0.243931 0.949544 0.391644
0.7 1.54158 0.177751 2.51171 0.26556 0.827352 0.173937 0.525922 0.249782 0.247199 0.253753
0.9 1.72673 0.178793 2.03918 0.240126 0.73107 0.131808 0.558847 0.243468 1.17918 0.466808
1.1 1.27802 0.149047 1.38081 0.187948 0.39767 0.126723 0.403264 0.16372 1.06388 0.407765
1.3 0.70829 0.108565 1.09316 0.154722 0.302475 0.0916039 0.0955602 0.146533 0.420073 0.365694
1.5 0.598778 0.0897578 0.79786 0.135902 0.218911 0.106283 0.22633 0.156978 0.466995 0.29023
1.7 0.395848 0.0710772 0.3921 0.0873574 0.242999 0.0893129 0.105032 0.0822767 0.293635 0.253501
1.9 0.602771 0.114719 0.518137 0.146188 0.18497 0.10613 0.200595 0.11343 0.678363 0.397064
