-1.25 0.0751259 0.010461 -1.25 1.09726 0.0399792 0.529531 0.0277732
-0.9 0.513474 0.0432423 -0.9375 0.908958 0.0727749 0.378733 0.046976
-0.7 0.841224 0.0553484 -0.8125 1.21777 0.084235 0.250546 0.0382079
-0.5 1.56591 0.0755151 -0.6875 0.996358 0.0761934 0.0116533 0.00824014
-0.35 2.23598 0.127614 -0.5625 1.41005 0.0906415 0.0873999 0.0225665
-0.25 2.92061 0.145848 -0.4375 1.8354 0.103413 0.1748 0.0319139
-0.15 5.02549 0.191317 -0.3125 2.56373 0.122221 0.0349599 0.0142723
0 7.23962 0.162371 -0.1875 4.03205 0.153275 0.0291333 0.0130288
0.15 5.50619 0.200258 0 6.34232 0.135931 -0.0495266 0.012012
0.25 3.02986 0.148551 0.1875 3.69993 0.146827 -0.0896425 0.0228542
0.35 2.5783 0.137035 0.3125 2.24909 0.114476 0.0932265 0.0233066
0.5 0.615441 0.0473416 0.4375 1.71304 0.0999064 0.10488 0.0247204
0.7 0.932265 0.0582666 0.5625 1.37509 0.0895108 -0.0640932 0.0193248
0.9 0.477058 0.0416807 0.6875 1.07793 0.0792511 0.203933 0.034471
1.25 0.0247633 0.00600598 0.8125 1.10706 0.0803149 0.10488 0.0247204
0 -nan -nan 0.9375 1.25856 0.085634 0.238893 0.0373088
0 -nan -nan 1.25 1.1158 0.0403157 0.464676 0.0260169
