-1.25 1.39635 0.0452154 -1.25 2.27403 0.0577016 0.756955 0.0332908
-0.9 2.51464 0.0959395 -0.9375 2.93411 0.131087 0.843338 0.0702782
-0.7 3.47365 0.112759 -0.8125 3.55455 0.144282 0.937042 0.0740797
-0.5 4.82796 0.132936 -0.6875 4.11713 0.155281 0.937042 0.0740797
-0.35 6.03491 0.210189 -0.5625 4.5388 0.163038 0.860908 0.0710065
-0.25 8.00078 0.242014 -0.4375 5.0776 0.172444 0.720351 0.0649519
-0.15 9.46741 0.263263 -0.3125 5.92094 0.186215 0.913616 0.0731479
0 11.637 0.206386 -0.1875 7.6896 0.212213 0.89019 0.072204
0.15 9.58272 0.264862 0 10.7405 0.177344 0.916545 0.0518062
0.25 7.62811 0.236311 0.1875 7.64766 0.211633 0.972182 0.0754559
0.35 6.30921 0.214913 0.3125 6.1148 0.189239 1.01903 0.0772527
0.5 2.21083 0.0899576 0.4375 5.41728 0.178119 0.837482 0.0700337
0.7 3.25769 0.109198 0.5625 4.60322 0.164191 0.872621 0.0714879
0.9 2.04929 0.0866086 0.6875 3.99414 0.152944 0.831625 0.0697884
1.25 1.30161 0.0436546 0.8125 3.76256 0.148444 0.931186 0.0738478
0 -nan -nan 0.9375 3.01025 0.132776 0.866764 0.0712476
0 -nan -nan 1.25 2.25622 0.0574752 0.740849 0.0329348
