0.1 1.43043 1.27949
0.3 1.04219 0.983492
0.5 0.933449 0.845013
0.7 0.9095 0.792942
0.9 0.869714 0.816135
1.1 0.873074 0.762777
1.3 0.840271 0.750369
1.5 0.792964 0.690277
1.7 0.784529 0.692149
1.9 0.767144 0.635143
2.1 0.733007 0.642557
2.3 0.736669 0.606964
2.5 0.740602 0.625733
2.7 0.73432 0.630039
2.9 0.732287 0.60626
3.1 0.769327 0.642427
3.3 0.782618 0.667944
3.5 0.83036 0.683715
3.7 0.952278 0.75504
3.9 1.05376 0.823499
4.1 1.10467 0.895579
4.3 1.24155 0.900425
4.5 1.3703 0.915015
4.7 1.66411 0.992337
4.9 1.79239 1.2002
5.1 2.05406 0.709295
5.3 8.63836 0.661722
5.7 8.47327 -0.120862
5.7 2.79157 -0.120862
