0.1 1.19959 1.12164
0.3 1.02657 0.987359
0.5 0.982875 0.933787
0.7 0.988573 0.905539
0.9 0.942613 0.901241
1.1 0.959296 0.864899
1.3 0.937108 0.843354
1.5 0.909981 0.826869
1.7 0.903444 0.819916
1.9 0.901577 0.798065
2.1 0.862339 0.791939
2.3 0.899917 0.790436
2.5 0.866625 0.77817
2.7 0.879655 0.762002
2.9 0.898174 0.746881
3.1 0.890259 0.795449
3.3 0.926768 0.812908
3.5 0.992086 0.835113
3.7 1.08913 0.939013
3.9 1.17076 0.974685
4.1 1.27326 1.05848
4.3 1.30356 1.05159
4.5 1.36717 1.12218
4.7 1.59103 1.17387
4.9 1.5266 0.843594
5.1 1.50634 0.715205
5.3 5.24381 0.378715
5.5 3.77221 -0.0167488
5.7 3.36841 -0.107869
