0.1 1.11138 1.03234
0.3 1.04937 0.983008
0.5 0.999042 0.935459
0.7 1.00462 0.956305
0.9 1.01592 0.925416
1.1 0.979761 0.926127
1.3 0.984663 0.91023
1.5 0.973421 0.909462
1.7 0.974636 0.899982
1.9 0.988749 0.888952
2.1 0.960914 0.877133
2.3 0.941358 0.896461
2.5 0.969348 0.892002
2.7 0.965668 0.887112
2.9 0.970933 0.86681
3.1 0.968269 0.871356
3.3 1.00291 0.899705
3.5 1.03636 0.924441
3.7 1.13177 0.960978
3.9 1.14895 0.929106
4.1 1.17363 0.962755
4.3 1.22348 0.955893
4.5 1.27129 1.04617
4.7 1.48727 0.990502
4.9 1.25905 0.781746
5.1 1.42455 0.701727
5.3 5.52978 0.389891
5.5 3.6973 -0.00696096
5.5 1.10363 -0.00696096
