0.1 0.42189 0.13442 0.608315 0.294702 -0.245233 0.64195 -1.40842 1.61206 -44.7598 4.22648
0.3 1.03282 0.222548 6.95862 4.61713 0.564356 0.362634 -0.458179 0.42927 -0.194964 0.694857
0.5 -1.69985 4.62571 2.41409 0.64859 0.907295 0.247199 0.189409 0.15205 1.0308 0.561395
0.7 2.67137 0.424926 -4.51608 7.61759 0.811711 0.24709 2.7935 2.77329 0.596404 0.419048
0.9 1.90161 0.282451 2.22071 0.390502 0.740597 0.183186 0.274677 0.217352 1.06161 0.599663
1.1 1.39339 0.236746 2.23391 0.313006 0.33972 0.151128 0.604627 0.328459 0.834987 0.608441
1.3 1.21767 0.150266 1.22223 0.188968 0.707273 0.172513 0.257832 0.182771 5.95453 5.81492
1.5 0.759002 0.115818 0.91952 0.174735 0.223649 0.161314 0.0930303 0.0655248 0.0938589 0.159836
1.7 0.431977 0.0942347 0.513749 0.127795 0.0373115 0.0576258 -0.0137657 0.0105661 0.138919 0.136737
1.9 3.85981 4.72287 2.06997 7.49659 2.69959 0.415641 3.23667 2.80405 -5.03195 2.13381
