0.1 1.18582 1.12302
0.3 0.984029 0.954254
0.5 0.902669 0.824118
0.7 0.878833 0.784791
0.9 0.84145 0.755499
1.1 0.822817 0.747067
1.3 0.803315 0.699794
1.5 0.784544 0.682432
1.7 0.758713 0.651287
1.9 0.753885 0.644509
2.1 0.745254 0.624027
2.3 0.724386 0.613309
2.5 0.755894 0.630334
2.7 0.786812 0.650603
2.9 0.830809 0.68461
3.1 0.892333 0.753464
3.3 0.977945 0.839557
3.5 1.06824 0.842969
3.7 1.0782 0.838959
3.9 1.20718 0.914715
4.1 1.16538 0.880475
4.3 1.17865 0.918433
4.5 1.48861 1.06996
4.7 1.52966 0.923561
4.9 2.01019 1.03181
5.1 3.74322 0.40476
5.3 3.33657 0.403863
5.7 5.02443 -0.126463
5.7 4.77559 -0.126463
