1 0.873355 0.0379004 0.738978 0.0227405 0.55194 0.0131414 0.398727 0.00919596 0.264552 0.00679009 0.246397 0.00592912
3 0.125 0.0143385 0.23373 0.0127891 0.3398 0.0103112 0.34719 0.00858109 0.321018 0.0074797 0.178057 0.00504024
5 0.00164474 0.00164474 0.0258922 0.00425666 0.0901126 0.00530994 0.17561 0.00610286 0.220809 0.00620337 0.219432 0.00559528
7 0 0 0.00069979 0.00069979 0.0168961 0.00229927 0.0576882 0.00349786 0.113977 0.00445685 0.164931 0.00485091
9 0 0 0.00069979 0.00069979 0.000938673 0.000541943 0.0165429 0.00187312 0.049146 0.0029266 0.0983022 0.00374501
11 0 0 0 0 0.000312891 0.000312891 0.00212089 0.000670685 0.0193447 0.00183612 0.0510772 0.00269951
13 0 0 0 0 0 0 0.0019088 0.000636267 0.00871384 0.00123232 0.0251106 0.00189278
15 0 0 0 0 0 0 0.000212089 0.000212089 0.00191704 0.000578011 0.0115566 0.00128406
17 0 0 0 0 0 0 0 0 0.000348554 0.000246465 0.00285347 0.000638056
19 0 0 0 0 0 0 0 0 0.000174277 0.000174277 0.00156941 0.000473195
21 0 0 0 0 0 0 0 0 0 0 0.000428021 0.000247118
23 0 0 0 0 0 0 0 0 0 0 0.000285347 0.000201771
25 0 0 0 0 0 0 0 0 0 0 0 0
27 0 0 0 0 0 0 0 0 0 0 0 0
29 0 0 0 0 0 0 0 0 0 0 0 0
31 0 0 0 0 0 0 0 0 0 0 0 0
33 0 0 0 0 0 0 0 0 0 0 0 0
35 0 0 0 0 0 0 0 0 0 0 0 0
37 0 0 0 0 0 0 0 0 0 0 0 0
39 0 0 0 0 0 0 0 0 0 0 0 0
41 0 0 0 0 0 0 0 0 0 0 0 0
43 0 0 0 0 0 0 0 0 0 0 0 0
45 0 0 0 0 0 0 0 0 0 0 0 0
47 0 0 0 0 0 0 0 0 0 0 0 0
49 0 0 0 0 0 0 0 0 0 0 0 0
