1 0.85 0.206155 0.784615 0.109868 0.74772 0.0476729 0.560159 0.0211268 0.297352 0.00930135 0.24807 0.00606857
3 0.15 0.0866025 0.153846 0.0486504 0.215805 0.0256114 0.330677 0.0162323 0.328775 0.00978047 0.176811 0.00512335
5 0 0 0.0615385 0.0307692 0.0212766 0.0080418 0.089243 0.00843267 0.214431 0.00789867 0.217785 0.00568608
7 0 0 0 0 0.0121581 0.00607903 0.0135458 0.00328534 0.0945592 0.0052452 0.16538 0.00495496
9 0 0 0 0 0.00303951 0.00303951 0.00557769 0.00210817 0.0384056 0.00334278 0.0981295 0.00381679
11 0 0 0 0 0 0 0 0 0.0162933 0.00217728 0.0516627 0.00276941
13 0 0 0 0 0 0 0.000796813 0.000796813 0.00727379 0.00145476 0.025386 0.00194131
15 0 0 0 0 0 0 0 0 0.00203666 0.000769785 0.0114311 0.0013027
17 0 0 0 0 0 0 0 0 0.000581903 0.000411467 0.00296912 0.000663916
19 0 0 0 0 0 0 0 0 0.000290951 0.000290951 0.00163302 0.000492373
21 0 0 0 0 0 0 0 0 0 0 0.000445368 0.000257133
23 0 0 0 0 0 0 0 0 0 0 0.000296912 0.000209949
25 0 0 0 0 0 0 0 0 0 0 0 0
27 0 0 0 0 0 0 0 0 0 0 0 0
29 0 0 0 0 0 0 0 0 0 0 0 0
31 0 0 0 0 0 0 0 0 0 0 0 0
33 0 0 0 0 0 0 0 0 0 0 0 0
35 0 0 0 0 0 0 0 0 0 0 0 0
37 0 0 0 0 0 0 0 0 0 0 0 0
39 0 0 0 0 0 0 0 0 0 0 0 0
41 0 0 0 0 0 0 0 0 0 0 0 0
43 0 0 0 0 0 0 0 0 0 0 0 0
45 0 0 0 0 0 0 0 0 0 0 0 0
47 0 0 0 0 0 0 0 0 0 0 0 0
49 0 0 0 0 0 0 0 0 0 0 0 0
