5 0.00742618 0.000805482 0.0241132 0.00145145 0.0349467 0.00174734 0.0404508 0.00187991 0.040975 0.00189205 0.0300542 0.00162041
15 0.0287437 0.00158469 0.0675345 0.00242905 0.0684082 0.00244471 0.0585357 0.00226143 0.0463044 0.00201133 0.00969771 0.000920466
25 0.0493622 0.00207668 0.0698934 0.00247111 0.0575747 0.00224279 0.036694 0.00179049 0.0200944 0.00132498 0.000349467 0.000174734
35 0.0602831 0.00229494 0.0610694 0.00230986 0.0366067 0.00178835 0.0170365 0.00122001 0.0028831 0.000501884 8.73668e-05 8.73668e-05
45 0.066224 0.00240536 0.0527695 0.00214716 0.0248995 0.00147492 0.00620304 0.000736165 0.000611567 0.000231151 0 0
55 0.0663987 0.00240854 0.0427223 0.00193197 0.0124934 0.00104475 0.00165997 0.000380823 0 0 0 0
65 0.0754849 0.00256805 0.0307531 0.00163915 0.00428097 0.000611567 0.000349467 0.000174734 0 0 0 0
75 0.0921719 0.00283774 0.0217543 0.00137862 0.0023589 0.000453971 0.000174734 0.000123555 0 0 0 0
85 0.120217 0.00324082 0.0116198 0.00100756 0.000698934 0.000247111 0 0 0 0 0 0
95 0.468286 0.0063963 0.0107461 0.000968944 0.000698934 0.000247111 8.73668e-05 8.73668e-05 0 0 0 0
