17.5 6182.73 11081.4 3649
22.5 3470.79 5256.88 2437
27.5 1923.7 2676.82 1468
32.5 1030.28 1339.67 838
37.5 518.406 637.308 442
42.5 329.709 402.471 282
47.5 160.059 194.355 138
52.5 97.6408 114.158 86
57.5 50.0999 55.4822 46
62.5 45.2849 51.0615 41
67.5 21.9702 24.7558 20
72.5 16.8555 18.0858 16
77.5 8.14219 9.59561 7
82.5 12.1314 13.5302 11
87.5 7.89896 9.02634 7
92.5 6.33707 6.71842 6
97.5 1.94957 1.90566 2
102.5 4.09346 4.20692 4
107.5 3.57694 4.26973 3
112.5 1.05844 1.12029 1
117.5 1.01381 1.02781 1
122.5 1.00099 1.00199 1
127.5 0 0 0
132.5 0 0 0
137.5 1.08832 1.18444 1
142.5 0 0 0
147.5 1.10272 1.216 1
152.5 0 0 0
157.5 0 0 0
162.5 0 0 0
167.5 0 0 0
172.5 0 0 0
177.5 0 0 0
182.5 0 0 0
187.5 0 0 0
192.5 0 0 0
197.5 0 0 0
202.5 1.04402 1.08997 1
207.5 0 0 0
212.5 0 0 0
217.5 0 0 0
222.5 0 0 0
227.5 0 0 0
232.5 0 0 0
237.5 0 0 0
242.5 0 0 0
247.5 0 0 0
252.5 0 0 0
257.5 0 0 0
262.5 0 0 0
267.5 0 0 0
272.5 0 0 0
277.5 0 0 0
282.5 0 0 0
287.5 0 0 0
292.5 0 0 0
297.5 0 0 0
