17.5 2371.38 3301.98 1746
22.5 1930.01 2243.75 1703
27.5 1175.64 1270.2 1119
32.5 602.967 633.173 591
37.5 311.6 320.798 308
42.5 181.328 186.893 179
47.5 121.532 125.747 119
52.5 58.6596 59.023 59
57.5 38.846 38.987 39
62.5 26.0815 26.2995 26
67.5 14.8185 14.7296 15
72.5 14.2594 14.5722 14
77.5 6.45678 6.99711 6
82.5 11.4595 12.0201 11
87.5 6.11262 6.23585 6
92.5 1.96362 1.94145 2
97.5 3.06944 3.14204 3
102.5 1.91534 1.83574 2
107.5 2.16265 2.33875 2
112.5 0.998688 0.997378 1
117.5 2.93195 2.86572 3
122.5 0.928861 0.862783 1
127.5 0 0 0
132.5 0 0 0
137.5 0 0 0
142.5 0 0 0
147.5 0 0 0
152.5 0 0 0
157.5 0 0 0
162.5 0 0 0
167.5 0 0 0
172.5 0 0 0
177.5 0 0 0
182.5 0 0 0
187.5 0 0 0
192.5 0 0 0
197.5 1.00791 1.01587 1
202.5 0 0 0
207.5 0 0 0
212.5 0 0 0
217.5 0 0 0
222.5 0 0 0
227.5 0 0 0
232.5 0 0 0
237.5 0 0 0
242.5 0 0 0
247.5 0 0 0
252.5 0 0 0
257.5 0 0 0
262.5 0 0 0
267.5 0 0 0
272.5 0 0 0
277.5 0 0 0
282.5 0 0 0
287.5 0 0 0
292.5 0 0 0
297.5 0 0 0
