17.5 905.981 16827.7 50
22.5 57704.4 1.21719e+06 2855
27.5 50905.1 1.1925e+06 2286
32.5 39366.5 1.03197e+06 1595
37.5 26561.6 810810 926
42.5 17051.8 587675 524
47.5 11726.3 460327 314
52.5 6980.32 311306 164
57.5 5365.88 268990 111
62.5 3221.61 177169 60
67.5 2206.8 134310 37
72.5 1257.57 84167.5 19
77.5 725.896 53089.5 10
82.5 631.042 50645.8 8
87.5 836.972 70275.9 10
92.5 439.288 38681.7 5
97.5 798.836 71749.4 9
102.5 374.009 35220.6 4
107.5 0 0 0
112.5 331.203 36691.4 3
117.5 113.909 12975.2 1
122.5 229.245 26412.8 2
127.5 254.364 33222.1 2
132.5 0 0 0
137.5 0 0 0
142.5 136.435 18614.5 1
147.5 0 0 0
152.5 0 0 0
157.5 0 0 0
162.5 0 0 0
167.5 0 0 0
172.5 0 0 0
177.5 0 0 0
182.5 0 0 0
187.5 0 0 0
192.5 0 0 0
197.5 0 0 0
202.5 0 0 0
207.5 201.65 40662.5 1
212.5 0 0 0
217.5 0 0 0
222.5 0 0 0
227.5 0 0 0
232.5 0 0 0
237.5 0 0 0
242.5 0 0 0
247.5 0 0 0
252.5 0 0 0
257.5 0 0 0
262.5 0 0 0
267.5 0 0 0
272.5 0 0 0
277.5 0 0 0
282.5 0 0 0
287.5 0 0 0
292.5 0 0 0
297.5 0 0 0
