17.5 1.33994 0.00140399
22.5 1.11196 0.00135463
27.5 1.01444 0.00176676
32.5 0.998027 0.00245844
37.5 1.00856 0.00292117
42.5 1.01637 0.00310507
47.5 1.00746 0.00353595
52.5 1.00977 0.0041677
57.5 0.993921 0.00532315
62.5 0.992424 0.00552201
67.5 0.983216 0.0065641
72.5 0.989934 0.0066505
77.5 0.980358 0.0083022
82.5 0.992507 0.00993179
87.5 0.988466 0.0119248
92.5 0.977906 0.0133006
97.5 0.981752 0.0127745
102.5 0.964875 0.0142171
107.5 0.988594 0.0116439
112.5 1.00609 0.0122281
117.5 0.972541 0.00878039
122.5 0.998756 0.0163366
127.5 1.04582 -nan
132.5 0.96442 0.02933
137.5 0.980953 0.0325011
142.5 0 0
147.5 0.987604 0.0487383
152.5 1.02465 -nan
157.5 0.974553 0.00559192
162.5 0 0
167.5 0 0
172.5 0 0
177.5 1.01553 -nan
182.5 0 0
187.5 0 0
192.5 1.01882 -nan
197.5 0 0
202.5 0.96989 -nan
207.5 0 0
212.5 0 0
217.5 0 0
222.5 0 0
227.5 0 0
232.5 0 0
237.5 0 0
242.5 0 0
247.5 0 0
252.5 0.925355 -nan
257.5 0 0
262.5 0 0
267.5 0 0
272.5 0 0
277.5 0 0
282.5 0 0
287.5 0 0
292.5 0 0
297.5 0 0
