17.5 0 0
22.5 20.8542 0.0225691
27.5 24.7878 0.0409507
32.5 27.8756 0.118333
37.5 31.368 0.0850627
42.5 36.9541 0.12026
47.5 42.5727 0.167261
52.5 48.2073 0.223782
57.5 54.2327 0.283072
62.5 59.0608 0.359388
67.5 63.9223 0.482393
72.5 70.3487 0.514365
77.5 75.552 0.635309
82.5 81.7879 0.923795
87.5 86.5944 0.818612
92.5 90.4016 0.89764
97.5 93.4349 2.90871
102.5 99.1184 1.65639
107.5 108.066 1.18757
112.5 113.431 1.24637
117.5 119.354 2.16938
122.5 121.156 1.71964
127.5 126.045 3.56303
132.5 130.022 2.82191
137.5 141.494 6.56352
142.5 0 0
147.5 139.712 -nan
152.5 152.137 3.39833
157.5 159.058 -nan
162.5 0 0
167.5 0 0
172.5 0 0
177.5 0 0
182.5 178.629 -nan
187.5 0 0
192.5 0 0
197.5 198.275 3.37403
202.5 0 0
207.5 0 0
212.5 0 0
217.5 0 0
222.5 0 0
227.5 0 0
232.5 252.742 -nan
237.5 0 0
242.5 0 0
247.5 0 0
252.5 0 0
257.5 0 0
262.5 0 0
267.5 0 0
272.5 0 0
277.5 0 0
282.5 0 0
287.5 0 0
292.5 0 0
297.5 0 0
