17.5 1.08315 0.000623436
22.5 0.92479 0.000807717
27.5 0.866377 0.00123059
32.5 0.868117 0.00199718
37.5 0.897021 0.00286414
42.5 0.931426 0.00324599
47.5 0.948661 0.00355649
52.5 0.946133 0.0040974
57.5 0.942226 0.00507959
62.5 0.947191 0.0061967
67.5 0.948843 0.00694533
72.5 0.953524 0.00786328
77.5 0.943799 0.00967871
82.5 0.949133 0.0097088
87.5 0.960543 0.0104313
92.5 0.958124 0.0126372
97.5 0.960061 0.0143416
102.5 0.952471 0.0149013
107.5 0.977207 0.015298
112.5 0.948401 0.0110127
117.5 0.952988 0.0240051
122.5 0.996119 0.024856
127.5 0.985739 0.0638345
132.5 0.954227 0.0229246
137.5 0.907738 0.0259943
142.5 0 0
147.5 0.97836 0.112017
152.5 1.01535 -nan
157.5 0.96641 0.0116072
162.5 0 0
167.5 0 0
172.5 0 0
177.5 0.946101 -nan
182.5 0 0
187.5 0 0
192.5 0.972631 -nan
197.5 0 0
202.5 0.927806 -nan
207.5 0 0
212.5 0 0
217.5 0 0
222.5 0 0
227.5 0 0
232.5 0 0
237.5 0 0
242.5 0 0
247.5 0 0
252.5 0.897963 -nan
257.5 0 0
262.5 0 0
267.5 0 0
272.5 0 0
277.5 0 0
282.5 0 0
287.5 0 0
292.5 0 0
297.5 0 0
