17.5 18.9646 0.011165
22.5 21.9679 0.0219088
27.5 27.1081 0.0474866
32.5 30.8174 0.186784
37.5 34.2064 0.099822
42.5 40.0631 0.134461
47.5 45.8319 0.178205
52.5 51.7132 0.240454
57.5 56.4797 0.313859
62.5 62.3497 0.428664
67.5 66.4619 0.476906
72.5 74.0598 0.581376
77.5 77.9852 0.721224
82.5 83.7243 0.933549
87.5 88.704 1.1098
92.5 93.4086 1.19307
97.5 99.9799 1.17236
102.5 92.4003 6.23885
107.5 111.365 1.72065
112.5 113.266 2.14007
117.5 123.368 2.99643
122.5 127.644 4.31667
127.5 134.059 5.84954
132.5 136.429 3.28317
137.5 124.274 2.37618
142.5 0 0
147.5 0 0
152.5 154.876 4.18127
157.5 158.61 -nan
162.5 147.105 -nan
167.5 178.629 -nan
172.5 0 0
177.5 0 0
182.5 0 0
187.5 198.275 3.37403
192.5 0 0
197.5 0 0
202.5 0 0
207.5 0 0
212.5 0 0
217.5 0 0
222.5 0 0
227.5 252.742 -nan
232.5 0 0
237.5 0 0
242.5 0 0
247.5 0 0
252.5 0 0
257.5 0 0
262.5 0 0
267.5 0 0
272.5 0 0
277.5 0 0
282.5 0 0
287.5 0 0
292.5 0 0
297.5 0 0
