17.5 19.2978 0.0119984
22.5 22.6907 0.0248558
27.5 28.4213 0.0541597
32.5 32.091 0.221955
37.5 35.3306 0.105626
42.5 41.1135 0.141214
47.5 46.9388 0.182303
52.5 52.9411 0.251003
57.5 57.5887 0.344955
62.5 63.1282 0.401339
67.5 68.5929 0.520822
72.5 74.1949 0.532997
77.5 79.7902 0.758933
82.5 85.3994 0.996061
87.5 90.7853 1.36663
92.5 92.4576 2.19544
97.5 99.7455 1.82254
102.5 105.871 2.45493
107.5 108.598 4.45504
112.5 113.068 3.00374
117.5 117.08 2.48627
122.5 124.247 1.65527
127.5 132.933 4.06892
132.5 128.19 6.74067
137.5 139.712 -nan
142.5 142.254 8.44116
147.5 147.105 -nan
152.5 0 0
157.5 165.432 6.59983
162.5 0 0
167.5 0 0
172.5 0 0
177.5 0 0
182.5 0 0
187.5 0 0
192.5 198.275 3.37403
197.5 0 0
202.5 0 0
207.5 0 0
212.5 0 0
217.5 0 0
222.5 0 0
227.5 252.742 -nan
232.5 0 0
237.5 0 0
242.5 0 0
247.5 0 0
252.5 0 0
257.5 0 0
262.5 0 0
267.5 0 0
272.5 0 0
277.5 0 0
282.5 0 0
287.5 0 0
292.5 0 0
297.5 0 0
