0.1 0.289792 0.200017 0.73125 0.269103 0.322495 0.365023 0.620195 0.798477 -34.8332 3.21623 0.196424 0.111148 -32.8695 3.35072 -32.8695
0.3 0.567315 0.324567 0.624867 0.457873 1.00854 0.391792 0.097384 0.204162 0.505495 0.367639 -0.0317164 0.21035 2.8036 0.803326 -30.0659
0.5 1.08163 0.407587 1.81122 0.542432 0.700128 0.435115 0.141538 0.138714 0.69132 0.30191 0.090306 0.259641 4.42584 0.871823 -25.6401
0.7 1.33826 0.450762 1.09792 0.676479 1.15524 0.478855 0.394332 0.165501 0.283463 0.224924 0.53076 0.274519 4.26922 0.983917 -21.3708
0.9 2.06068 0.468933 0.460432 0.676974 0.237165 0.468279 0.444811 0.174611 0.698792 0.312733 0.955523 0.274897 3.90188 1.0128 -17.469
1.1 1.25806 0.460187 0.624418 0.565473 0.262819 0.546306 0.0835787 0.144002 0.637835 0.257824 0.711623 0.291859 2.86671 0.957701 -14.6023
1.3 0.912562 0.449966 0.655868 0.607583 0.86268 0.496916 0.173713 0.129582 0.442319 0.240794 0.617585 0.295604 3.04714 0.945159 -11.5551
1.5 0.218004 0.443191 0.390738 0.575188 -0.200745 0.435243 -0.0178887 0.113494 0.171145 0.150935 0.22223 0.288936 0.561253 0.867386 -10.9939
1.7 0.826104 0.42297 -0.23609 0.567244 0.832101 0.480096 0.08383 0.116305 0.111314 0.109243 0.441971 0.273421 1.61726 0.869841 -9.3766
1.9 0.342165 0.873597 -1.05974 1.01801 1.48161 0.895475 0.396071 0.202252 0.698705 0.327955 0.684011 0.603803 1.85882 1.65827 -7.51778
