0.1 0.148028 0.199851 0.27833 0.325023 0.787206 0.38458 1.0616 0.799716 -34.1114 3.21542 -0.269918 0.120397 -31.8363 3.35737 -31.8363
0.3 0.0574611 0.325011 0.117051 0.425488 0.28968 0.375041 0.020205 0.193149 0.627776 0.390825 -0.380828 0.195642 1.11217 0.785734 -30.7241
0.5 0.125061 0.364517 -0.0563115 0.496445 -0.235394 0.419875 0.0591203 0.136136 0.51205 0.240559 -0.23594 0.241807 0.404526 0.795001 -30.3196
0.7 0.490851 0.41411 0.630872 0.55942 0.146166 0.460735 0.204911 0.162836 0.268565 0.225013 -0.150493 0.262036 1.74136 0.879694 -28.5782
0.9 0.0671948 0.465207 -0.528222 0.604936 0.370872 0.451792 0.41065 0.187834 0.7004 0.319811 -0.0442957 0.294836 1.0209 0.961271 -27.5573
1.1 0.253478 0.495091 -0.175832 0.627419 -0.0554073 0.486802 0.295711 0.161735 0.645557 0.261705 0.013343 0.281806 0.963507 0.985085 -26.5938
1.3 -0.153871 0.423206 0.454587 0.576711 -0.312514 0.486608 0.0987404 0.116348 0.334084 0.21659 -0.0598047 0.292494 0.421026 0.899408 -26.1728
1.5 -0.0763502 0.433586 -0.882562 0.639723 -0.0940961 0.471842 0.0640858 0.100437 0.161467 0.153197 -0.0957004 0.274751 -0.827456 0.923815 -27.0002
1.7 0.739856 0.411829 -0.123459 0.592297 0.560301 0.452005 0.114462 0.100477 0.217943 0.143005 0.376909 0.258057 1.5091 0.869065 -25.4911
1.9 -0.287588 0.840445 0.683491 1.04657 1.76457 0.877823 0.0830115 0.19352 0.667196 0.344722 -0.559245 0.587175 2.91068 1.65182 -22.5804
