-1.25 57.1605 0.239864 -1.25 58.4066 0.242464 66.1731 0.258082
-0.9 57.8007 0.381375 -0.9375 58.0292 0.483358 66.4238 0.51714
-0.7 57.6522 0.380885 -0.8125 58.1017 0.48366 65.6789 0.514232
-0.5 58.2763 0.382941 -0.6875 58.5204 0.4854 66.5848 0.517766
-0.35 57.9768 0.540167 -0.5625 58.4439 0.485082 65.84 0.514862
-0.25 60.3875 0.551283 -0.4375 57.8641 0.48267 65.8078 0.514736
-0.15 61.384 0.555813 -0.3125 58.9552 0.4872 65.997 0.515476
0 62.1565 0.395484 -0.1875 60.0986 0.491902 64.9341 0.511308
0.15 61.8722 0.558019 0 61.3427 0.351409 66.2265 0.365129
0.25 58.8878 0.544394 0.1875 60.8435 0.494941 64.608 0.510022
0.35 58.7167 0.543603 0.3125 58.9713 0.487266 66.0695 0.515759
0.5 29.1872 0.271008 0.4375 58.5164 0.485383 66.3875 0.516998
0.7 57.8007 0.381375 0.5625 58.1822 0.483995 66.6694 0.518095
0.9 57.7328 0.381151 0.6875 58.6734 0.486034 65.9728 0.515381
1.25 56.9643 0.239451 0.8125 57.1072 0.479503 65.8722 0.514988
0 -nan -nan 0.9375 57.852 0.48262 65.5944 0.513901
0 -nan -nan 1.25 58.2768 0.242194 66.5405 0.258797
