-1.25 58.3161 0.328319 -1.25 59.1405 0.330631 66.1978 0.349803
-0.9 59.4593 0.524181 -0.9375 59.1719 0.661438 65.8336 0.697678
-0.7 59.3946 0.523896 -0.8125 59.6747 0.664242 65.6414 0.696659
-0.5 61.0305 0.531062 -0.6875 60.3031 0.667731 66.1368 0.699283
-0.35 60.8595 0.749982 -0.5625 62.0555 0.677363 66.78 0.702675
-0.25 64.5471 0.772369 -0.4375 61.5749 0.674735 67.4677 0.706284
-0.15 64.4177 0.771595 -0.3125 61.1091 0.672178 65.9224 0.698148
0 66.22 0.553179 -0.1875 63.268 0.683949 65.2274 0.694458
0.15 65.268 0.77667 0 64.2921 0.487523 66.4104 0.495489
0.25 63.0961 0.763638 0.1875 63.0832 0.682949 65.3013 0.694852
0.35 60.9242 0.75038 0.3125 62.1959 0.678129 66.4843 0.701118
0.5 30.0508 0.372649 0.4375 61.6488 0.67514 66.5878 0.701663
0.7 59.4917 0.524324 0.5625 60.0665 0.666419 67.2015 0.704889
0.9 57.8604 0.517085 0.6875 59.0684 0.660859 65.8928 0.697992
1.25 57.3623 0.325623 0.8125 60.8651 0.670835 64.7616 0.691974
0 -nan -nan 0.9375 59.3494 0.662429 66.8909 0.703259
0 -nan -nan 1.25 59.0203 0.330295 66.1978 0.349803
