0.1 0.471528 0.093219 0.918452 0.275228 -0.437856 0.61366 0.327573 1.30036 -46.8624 3.6259
0.3 1.1522 0.147756 1.87129 0.284291 0.584058 0.316138 -0.0426923 0.342098 -0.0176284 0.289013
0.5 1.83275 0.18012 2.77842 0.293249 1.12056 0.251855 0.904324 0.327097 1.49381 0.52217
0.7 1.77631 0.218579 2.70561 0.321253 0.5424 0.169197 -0.00233787 0.153597 0.185765 0.17229
0.9 2.27084 0.227213 2.42583 0.276689 0.734245 0.183409 0.239778 0.200336 1.90279 0.651725
1.1 1.27457 0.16795 1.61501 0.211729 0.362938 0.118637 0.404726 0.157286 -0.0169627 0.348951
1.3 0.983314 0.131085 1.0864 0.141805 0.306807 0.116451 0.213352 0.101126 0.680954 0.3524
1.5 0.696631 0.0951676 0.775157 0.117478 0.19935 0.080057 0.354856 0.151738 0.283647 0.216972
1.7 0.528122 0.0872225 0.438345 0.0984284 0.147095 0.0577317 -0.0172382 0.0314381 0.330983 0.219363
1.9 0.728569 0.140154 0.615533 0.173255 0.171603 0.11327 0.168529 0.112752 0.824878 0.537084
