-1.25 -0.126015 0.0108802 -1.25 1.5168 0.0377478 0.61979 0.0241296
-0.9 0.224975 0.022986 -0.9375 3.8222 0.119843 0.274307 0.0321052
-0.7 0.514269 0.034753 -0.8125 1.12874 0.0651259 0.0263034 0.00994176
-0.5 1.62039 0.0616888 -0.6875 1.13757 0.0653801 0.0345296 0.0113908
-0.35 2.43354 0.106913 -0.5625 1.31195 0.0702127 -0.144317 0.0232871
-0.25 3.21747 0.122933 -0.4375 1.50305 0.0751527 -0.159203 0.0244587
-0.15 5.47371 0.160344 -0.3125 2.66701 0.100108 -0.115008 0.0207884
0 9.48472 0.149248 -0.1875 3.79897 0.119479 -0.35158 0.036347
0.15 5.50723 0.160834 0 6.40779 0.109723 -0.368666 0.0263183
0.25 3.49467 0.128119 0.1875 7.7677 0.170845 -0.469704 0.0420116
0.35 3.42634 0.126861 0.3125 2.50673 0.0970534 -0.278065 0.0323244
0.5 0.743638 0.0417905 0.4375 2.30208 0.0930074 -0.323156 0.0348469
0.7 0.814797 0.0437443 0.5625 1.39386 0.0723714 -0.114184 0.0207138
0.9 0.279747 0.0256318 0.6875 0.969818 0.0603674 -0.0999414 0.0193789
1.25 -0.0198567 0.00431898 0.8125 1.14321 0.0655419 0.14279 0.0231636
0 -nan -nan 0.9375 1.26427 0.068925 0.0864256 0.018021
0 -nan -nan 1.25 1.43115 0.0366666 0.551731 0.0227662
