-1.25 -0.17094 0.0162985 -1.25 1.21057 0.0433731 0.533023 0.0287805
-0.9 0.198135 0.0277445 -0.9375 0.895105 0.0745921 0.317016 0.0443912
-0.7 0.656566 0.0505051 -0.8125 1.10023 0.0826986 0.043512 0.016446
-0.5 1.43357 0.0746285 -0.6875 0.839161 0.0722235 0.0808081 0.0224121
-0.35 2.50971 0.139644 -0.5625 1.21834 0.0870241 0.049728 0.0175815
-0.25 3.79953 0.171821 -0.4375 1.7467 0.104199 -0.161616 0.0316955
-0.15 5.60995 0.208781 -0.3125 2.41803 0.122599 -0.049728 0.0175815
0 7.50971 0.170808 -0.1875 4.23932 0.162332 -0.1554 0.03108
0.15 5.1049 0.199161 0 6.78788 0.145247 -0.21756 0.0260034
0.25 4.04989 0.177391 0.1875 4.21081 0.161785 -0.329448 0.0452532
0.35 2.72272 0.145449 0.3125 2.63696 0.128029 -0.261072 0.0402843
0.5 0.493395 0.0437818 0.4375 1.48563 0.0960971 -0.037296 0.015226
0.7 0.784771 0.0552163 0.5625 1.24942 0.0881271 0.043512 0.016446
0.9 0.24087 0.0305906 0.6875 0.913753 0.0753651 0.111888 0.0263723
1.25 -0.1554 0.01554 0.8125 0.944833 0.0766361 0.18648 0.0340465
0 -nan -nan 0.9375 1.05051 0.0808081 0.205128 0.0357082
0 -nan -nan 1.25 1.1453 0.0421876 0.501853 0.0279263
