-1.25 1.4232 0.0472305 -1.25 2.74886 0.0656397 0.783699 0.0350481
-0.9 2.33934 0.0957429 -0.9375 3.69906 0.152288 0.909091 0.0754959
-0.7 3.62069 0.119112 -0.8125 4.03993 0.15915 0.909091 0.0754959
-0.5 5.42712 0.145829 -0.6875 4.25732 0.163376 0.952978 0.0772967
-0.35 7.44514 0.241552 -0.5625 4.92163 0.175661 0.783699 0.0700962
-0.25 8.89935 0.264091 -0.4375 5.63406 0.187945 0.871473 0.0739174
-0.15 11.6508 0.30217 -0.3125 7.09091 0.210849 0.821317 0.0717588
0 12.7904 0.223873 -0.1875 8.87147 0.23584 1.04075 0.080778
0.15 10.4132 0.285671 0 11.5739 0.190478 0.924765 0.0538419
0.25 8.17399 0.2531 0.1875 8.25078 0.22744 0.884013 0.0744473
0.35 7.11599 0.236152 0.3125 7.05153 0.210262 0.984326 0.0785578
0.5 2.4373 0.097727 0.4375 5.8006 0.190702 0.77116 0.0695331
0.7 3.49922 0.117097 0.5625 5.15361 0.179753 0.884013 0.0744473
0.9 2.40204 0.0970174 0.6875 4.30721 0.16433 0.833856 0.0723045
1.25 1.28925 0.0449529 0.8125 3.83699 0.155101 0.890282 0.0747108
0 -nan -nan 0.9375 3.54232 0.149027 0.845599 0.0728118
0 -nan -nan 1.25 2.57053 0.0634748 0.721003 0.0336169
