2.5 0.292696 0.00458395
7.5 0.457821 0.00379956
12.5 0.56975 0.00399301
17.5 0.635794 0.0042714
22.5 0.684522 0.00442123
27.5 0.727833 0.00458595
32.5 0.752123 0.00483109
37.5 0.773493 0.00494518
42.5 0.782659 0.00507616
47.5 0.811108 0.00496649
52.5 0.81018 0.00498525
57.5 0.819173 0.0051962
62.5 0.819381 0.00537391
67.5 0.833944 0.00536277
72.5 0.8429 0.00508118
77.5 0.842208 0.00525214
82.5 0.84671 0.00529152
87.5 0.854877 0.0051566
92.5 0.856414 0.00492389
97.5 0.855217 0.0052054
102.5 0.832906 0.00457909
107.5 0.850457 0.0048641
112.5 0.85821 0.00539306
117.5 0.877833 0.00541598
122.5 0.875976 0.00652386
127.5 0.892364 0.00644406
132.5 0.886072 0.00724146
137.5 0.887504 0.00850129
142.5 0.896257 0.00979184
147.5 0.912076 0.00817047
152.5 0.907095 0.0103077
157.5 0.921438 0.00936026
162.5 0.923103 0.00821551
167.5 0.929765 0.00890192
172.5 0.905462 0.020507
177.5 0.943325 0.00703222
182.5 0.944882 0.010075
187.5 0.938116 0.0182748
192.5 0.942318 0.0114927
197.5 0.927397 0.0167768
