17.5 1.68885 0.00241093
22.5 1.42489 0.00253137
27.5 1.28729 0.00294545
32.5 1.2239 0.00366503
37.5 1.17978 0.00432838
42.5 1.15695 0.00529614
47.5 1.1393 0.00628556
52.5 1.13284 0.0067616
57.5 1.1158 0.00910489
62.5 1.11018 0.00977311
67.5 1.08556 0.0102075
72.5 1.09169 0.0116708
77.5 1.08102 0.0155668
82.5 1.09033 0.0157404
87.5 1.12051 0.0193168
92.5 1.08845 0.0174581
97.5 1.02003 0.0314252
102.5 1.06794 0.0245194
107.5 1.16286 0.021362
112.5 1.02757 0.015524
117.5 1.0526 0.0301892
122.5 1.08161 0.0281777
127.5 0.923959 -nan
132.5 1.06792 0.0157556
137.5 1.05195 0.0286461
142.5 -nan nan
147.5 1.07293 0.029841
152.5 0.975501 -nan
157.5 1.00354 0.0365375
162.5 -nan nan
167.5 -nan nan
172.5 -nan nan
177.5 1.06484 -nan
182.5 -nan nan
187.5 -nan nan
192.5 1.05163 inf
197.5 -nan nan
202.5 1.04402 -nan
207.5 -nan nan
212.5 -nan nan
217.5 -nan nan
222.5 -nan nan
227.5 -nan nan
232.5 -nan nan
237.5 -nan nan
242.5 -nan nan
247.5 -nan nan
252.5 1.03746 inf
257.5 -nan nan
262.5 -nan nan
267.5 -nan nan
272.5 -nan nan
277.5 -nan nan
282.5 -nan nan
287.5 -nan nan
292.5 -nan nan
297.5 -nan nan
