17.5 18.0353 0.177295
22.5 20.0491 0.0338739
27.5 21.173 0.0380736
32.5 22.7349 0.0484454
37.5 24.673 0.064973
42.5 27.4392 0.0950396
47.5 30.5086 0.131641
52.5 34.2841 0.188113
57.5 39.655 0.279681
62.5 43.6072 0.371916
67.5 49.3268 0.477641
72.5 55.6752 0.691314
77.5 60.7679 0.747804
82.5 64.7554 1.02098
87.5 70.3708 1.30293
92.5 76.6216 1.54457
97.5 79.9524 2.0104
102.5 82.1854 2.89198
107.5 88.1078 1.4627
112.5 98.9 2.66706
117.5 105.782 3.09936
122.5 101.517 8.10067
127.5 112.533 4.00176
132.5 107.948 1.83
137.5 125.692 9.00799
142.5 127.003 4.28659
147.5 128.934 6.28487
152.5 153.082 5.97531
157.5 -nan nan
162.5 153.334 5.27615
167.5 -nan nan
172.5 -nan nan
177.5 -nan nan
182.5 -nan nan
187.5 -nan nan
192.5 178.629 inf
197.5 -nan nan
202.5 194.901 inf
207.5 -nan nan
212.5 201.65 -nan
217.5 -nan nan
222.5 -nan nan
227.5 -nan nan
232.5 -nan nan
237.5 -nan nan
242.5 -nan nan
247.5 -nan nan
252.5 -nan nan
257.5 -nan nan
262.5 252.742 -nan
267.5 -nan nan
272.5 -nan nan
277.5 -nan nan
282.5 -nan nan
287.5 -nan nan
292.5 -nan nan
297.5 -nan nan
