17.5 17.8912 0.232609
22.5 20.1064 0.0477665
27.5 20.9309 0.0489495
32.5 21.9865 0.0544392
37.5 23.3152 0.0645071
42.5 24.9356 0.0817367
47.5 27.1011 0.108065
52.5 29.7026 0.146244
57.5 32.7387 0.20444
62.5 36.0083 0.274908
67.5 40.9822 0.374413
72.5 44.4815 0.518096
77.5 50.1628 0.69475
82.5 56.1365 0.838014
87.5 60.8094 1.20178
92.5 66.4044 1.6058
97.5 73.2939 1.35304
102.5 76.8026 2.36937
107.5 81.8368 2.53043
112.5 86.9757 2.78882
117.5 94.1769 2.49829
122.5 103.467 3.78576
127.5 106.673 4.21193
132.5 91.8936 11.3969
137.5 112.83 3.8403
142.5 118.247 6.42459
147.5 115.554 17.3116
152.5 136.335 6.63885
157.5 150.695 inf
162.5 -nan nan
167.5 -nan nan
172.5 121.449 inf
177.5 -nan nan
182.5 -nan nan
187.5 -nan nan
192.5 178.629 inf
197.5 -nan nan
202.5 -nan nan
207.5 148.057 inf
212.5 -nan nan
217.5 194.901 inf
222.5 201.65 -nan
227.5 -nan nan
232.5 -nan nan
237.5 -nan nan
242.5 -nan nan
247.5 -nan nan
252.5 -nan nan
257.5 -nan nan
262.5 -nan nan
267.5 -nan nan
272.5 252.742 -nan
277.5 -nan nan
282.5 -nan nan
287.5 -nan nan
292.5 -nan nan
297.5 -nan nan
