17.5 18.3272 0.147728
22.5 20.4061 0.027711
27.5 22.2285 0.0376847
32.5 24.8616 0.0556124
37.5 28.463 0.0823265
42.5 32.7459 0.125253
47.5 37.6578 0.178581
52.5 43.2882 0.243751
57.5 48.967 0.31747
62.5 53.5217 0.405915
67.5 59.7982 0.486832
72.5 64.1305 0.596098
77.5 70.7949 0.695611
82.5 75.4537 0.982256
87.5 79.1944 1.47177
92.5 86.9416 1.04884
97.5 90.0344 1.567
102.5 94.9121 1.52519
107.5 102.682 2.87502
112.5 107.616 2.83401
117.5 102.944 6.88142
122.5 116.65 2.29409
127.5 122.353 5.7577
132.5 118.509 inf
137.5 135.528 1.73623
142.5 131.597 3.60675
147.5 139.75 9.2079
152.5 159.058 -nan
157.5 158.61 -nan
162.5 -nan nan
167.5 -nan nan
172.5 -nan nan
177.5 -nan nan
182.5 -nan nan
187.5 186.765 8.14769
192.5 -nan nan
197.5 -nan nan
202.5 -nan nan
207.5 201.65 -nan
212.5 -nan nan
217.5 -nan nan
222.5 -nan nan
227.5 -nan nan
232.5 -nan nan
237.5 -nan nan
242.5 -nan nan
247.5 -nan nan
252.5 252.742 -nan
257.5 -nan nan
262.5 -nan nan
267.5 -nan nan
272.5 -nan nan
277.5 -nan nan
282.5 -nan nan
287.5 -nan nan
292.5 -nan nan
297.5 -nan nan
