0.025 15.0701 0.718845 14.1258 1.4755
0.075 3.00065 0.116866 2.99696 0.102096
0.125 0.938557 0.0525222 1.19754 0.0654462
0.175 0.520743 0.0352297 0.687322 0.0352912
0.225 0.271413 0.0170694 0.535754 0.0237737
0.275 0.198545 0.013246 0.456651 0.0204086
0.325 0.156215 0.0105847 0.501435 0.0359933
0.375 0.14225 0.0105735 0.520061 0.0256545
0.425 0.12993 0.0101952 0.50569 0.0272651
0.475 0.116339 0.0129172 0.494569 0.0223779
0.55 0.103258 0.00769465 0.554266 0.0244286
0.65 0.0819338 0.00723216 0.499302 0.0208265
0.75 0.0719568 0.00691166 0.561155 0.0398671
0.9 0.0837606 0.0104656 0.468398 0.0179736
