0.1 1.25104 0.0109364
0.3 0.950201 0.0132866
0.5 0.772467 0.0133483
0.7 0.700658 0.0132732
0.9 0.658583 0.013219
1.1 0.651379 0.0133335
1.3 0.614761 0.0129918
1.5 0.581424 0.0127285
1.7 0.56065 0.0127852
1.9 0.541403 0.0128715
2.1 0.53818 0.0135361
2.3 0.529795 0.0145304
2.5 0.520246 0.0154497
2.7 0.568828 0.0181741
2.9 0.606586 0.0213003
3.1 0.695174 0.0275147
3.3 0.740573 0.0328867
3.5 0.838275 0.0428131
3.7 0.858628 0.0500409
3.9 1.00092 0.0725532
4.1 0.914489 0.0834174
4.3 1.12888 0.136757
4.5 0.900947 0.145034
4.7 1.16092 0.266426
4.9 0.815782 0.304024
5.1 1.39848 0.723784
5.3 1.63156 1.24613
5.5 3.67102 4.23893
5.7 2.44735 2.99738
