-0.9 1.08771 0.373729
-0.7 1.11442 0.215705
-0.5 1.20425 0.152332
-0.3 1.07455 0.0940823
-0.1 0.908858 0.0465615
0.1 0.883645 0.0118967
0.3 1.10582 0.016152
0.5 1.05676 0.016044
0.7 0.971749 0.0155561
0.9 0.874222 0.0149163
1.1 0.769519 0.0140762
1.3 0.692837 0.0133253
1.5 0.652909 0.0130495
1.7 0.619467 0.0130193
1.9 0.586876 0.0129623
2.1 0.561766 0.0128513
2.3 0.568175 0.0137729
2.5 0.560049 0.0146682
2.7 0.591041 0.0165561
2.9 0.622047 0.0188361
3.1 0.726985 0.0242725
3.3 0.761757 0.0288906
3.5 0.939539 0.0396621
3.7 0.987433 0.0486624
3.9 1.1163 0.0603163
4.1 1.50008 0.0980498
4.3 1.49923 0.124825
4.5 1.31432 0.157191
4.7 1.92292 0.3514
4.9 1.22367 0.327041
5.1 2.00238 0.766323
5.3 3.67102 2.44735
5.5 1.83551 1.67558
