2.5 0.667887 0.00418735
7.5 0.886851 0.00147101
12.5 0.934499 0.000911265
17.5 0.952329 0.000711038
22.5 0.96198 0.000605538
27.5 0.968077 0.000542059
32.5 0.972154 0.000496367
37.5 0.975671 0.000460678
42.5 0.977505 0.000449952
47.5 0.979309 0.000443551
52.5 0.981132 0.000412332
57.5 0.982728 0.000374683
62.5 0.982842 0.000391828
67.5 0.983456 0.000368508
72.5 0.984212 0.000365865
77.5 0.985198 0.000339611
82.5 0.985274 0.000332614
87.5 0.985996 0.000337517
92.5 0.98652 0.000302945
97.5 0.98723 0.000292547
102.5 0.987047 0.000233173
107.5 0.987996 0.000258709
112.5 0.988901 0.000266879
117.5 0.989541 0.000270433
122.5 0.990331 0.00029351
127.5 0.990077 0.000355106
132.5 0.991041 0.000347878
137.5 0.991719 0.00038257
142.5 0.992058 0.000382493
147.5 0.992257 0.000399246
152.5 0.991737 0.000480821
157.5 0.993155 0.000505888
162.5 0.992983 0.000502104
167.5 0.994024 0.000494706
172.5 0.994263 0.000609987
177.5 0.994118 0.000561254
182.5 0.99448 0.000604483
187.5 0.993624 0.000786117
192.5 0.99429 0.000581864
197.5 0.994477 0.000794263
