-1.25 57.0779 0.257623 -1.25 58.3744 0.260533 65.8802 0.276776
-0.9 57.1395 0.407558 -0.9375 57.1953 0.515776 65.3953 0.551511
-0.7 57.5436 0.408996 -0.8125 57.3674 0.516551 65.7907 0.553176
-0.5 57.6453 0.409358 -0.6875 58.8233 0.523065 65.4605 0.551786
-0.35 58.3081 0.582238 -0.5625 58.3256 0.520847 66.293 0.555283
-0.25 59.4535 0.587928 -0.4375 57.7256 0.518161 64.1349 0.54617
-0.15 61.1163 0.596093 -0.3125 58.2326 0.520432 65.6651 0.552647
0 62.968 0.427839 -0.1875 60.7023 0.531353 65.6093 0.552412
0.15 61.4477 0.597707 0 61.6 0.378491 64.8 0.388198
0.25 58.436 0.582876 0.1875 59.8744 0.527717 64.8093 0.549034
0.35 59.0814 0.586086 0.3125 56.9023 0.514453 66.2698 0.555186
0.5 29.2151 0.291424 0.4375 58.4744 0.521511 65.8837 0.553567
0.7 58.1919 0.411294 0.5625 58.2047 0.520307 66.2558 0.555128
0.9 56.9913 0.407029 0.6875 58.4605 0.521449 65.2558 0.550922
1.25 56.4895 0.256292 0.8125 58.4279 0.521304 66.3442 0.555498
0 -nan -nan 0.9375 58.5674 0.521926 66.386 0.555673
0 -nan -nan 1.25 58.4884 0.260787 66.3116 0.277681
