-1.25 59.1898 0.370153 -1.25 59.1597 0.370059 66.787 0.393192
-0.9 59.1725 0.585178 -0.9375 60.1019 0.745988 66 0.781736
-0.7 59.9826 0.58917 -0.8125 60.2778 0.747079 65.9537 0.781462
-0.5 61.4468 0.596318 -0.6875 61.25 0.75308 66.7037 0.785892
-0.35 63.0903 0.854524 -0.5625 63.2222 0.765108 65.0278 0.775957
-0.25 64.5139 0.864111 -0.4375 61.7037 0.755864 66.3611 0.783872
-0.15 64.294 0.862637 -0.3125 63.25 0.765277 66.8796 0.786928
0 67.1412 0.623337 -0.1875 64.2315 0.771191 66.0926 0.782284
0.15 66.6435 0.878258 0 63.9907 0.544292 67.125 0.557462
0.25 64.1088 0.861394 0.1875 63.0185 0.763875 67.3611 0.789756
0.35 64.2593 0.862404 0.3125 62 0.757677 65.9537 0.781462
0.5 30.5208 0.420268 0.4375 62.4167 0.760218 66.6944 0.785838
0.7 60.3993 0.591213 0.5625 61.6667 0.755637 65.2593 0.777337
0.9 58.3912 0.581302 0.6875 61.3889 0.753933 65.9444 0.781407
1.25 57.0486 0.363396 0.8125 60.7685 0.750114 65.7222 0.780089
0 -nan -nan 0.9375 59.8889 0.744666 66.9722 0.787473
0 -nan -nan 1.25 59.8981 0.372362 66.706 0.392953
