2.5 0.265198 0.00443147
7.5 0.427824 0.00373731
12.5 0.551327 0.00399768
17.5 0.63095 0.00426051
22.5 0.677423 0.0044521
27.5 0.72473 0.00457633
32.5 0.748195 0.00479512
37.5 0.772457 0.00486094
42.5 0.789528 0.00493019
47.5 0.813387 0.00486
52.5 0.815339 0.00502106
57.5 0.818186 0.00511449
62.5 0.828806 0.00517811
67.5 0.834508 0.0052411
72.5 0.840648 0.00517273
77.5 0.845249 0.00495264
82.5 0.854267 0.00506898
87.5 0.852033 0.0051494
92.5 0.868883 0.00444341
97.5 0.861738 0.00498249
102.5 0.841065 0.00432004
107.5 0.862709 0.00438624
112.5 0.860679 0.00522777
117.5 0.876562 0.00533402
122.5 0.880803 0.00601399
127.5 0.887451 0.00691198
132.5 0.907104 0.00619205
137.5 0.904559 0.00728454
142.5 0.913581 0.00680986
147.5 0.910913 0.00853329
152.5 0.916825 0.00834588
157.5 0.91645 0.01312
162.5 0.935576 0.00627791
167.5 0.937222 0.00968353
172.5 0.935958 0.0111292
177.5 0.945027 0.00730819
182.5 0.948159 0.0111457
187.5 0.955522 0.00788643
192.5 0.93356 0.0144141
197.5 0.940674 0.013913
