1 0.889047 0.0355619 0.784457 0.0239816 0.613924 0.0143005 0.468846 0.0104995 0.331828 0.00807179 0.267266 0.0065519
3 0.105263 0.0122366 0.19868 0.012069 0.298468 0.00997111 0.338585 0.00892249 0.326919 0.00801186 0.19531 0.0056009
5 0.0056899 0.00284495 0.0146628 0.00327869 0.0766156 0.00505188 0.136374 0.00566264 0.193795 0.00616858 0.228397 0.00605676
7 0 0 0.00146628 0.00103681 0.00866089 0.00169854 0.0425582 0.00316333 0.0952287 0.00432411 0.149855 0.00490605
9 0 0 0.000733138 0.000733138 0.00233178 0.00088133 0.0103456 0.00155966 0.0345572 0.00260485 0.0893029 0.00378729
11 0 0 0 0 0 0 0.00258641 0.000779832 0.0113882 0.00149534 0.0401542 0.00253957
13 0 0 0 0 0 0 0.000705384 0.000407254 0.00471235 0.000961904 0.0195952 0.00177407
15 0 0 0 0 0 0 0 0 0.00117809 0.000480952 0.00690652 0.00105323
17 0 0 0 0 0 0 0 0 0 0 0.00256987 0.000642467
19 0 0 0 0 0 0 0 0 0.000392696 0.000277678 0.000160617 0.000160617
21 0 0 0 0 0 0 0 0 0 0 0.00048185 0.000278196
23 0 0 0 0 0 0 0 0 0 0 0 0
25 0 0 0 0 0 0 0 0 0 0 0 0
27 0 0 0 0 0 0 0 0 0 0 0 0
29 0 0 0 0 0 0 0 0 0 0 0 0
31 0 0 0 0 0 0 0 0 0 0 0 0
33 0 0 0 0 0 0 0 0 0 0 0 0
35 0 0 0 0 0 0 0 0 0 0 0 0
37 0 0 0 0 0 0 0 0 0 0 0 0
39 0 0 0 0 0 0 0 0 0 0 0 0
41 0 0 0 0 0 0 0 0 0 0 0 0
43 0 0 0 0 0 0 0 0 0 0 0 0
45 0 0 0 0 0 0 0 0 0 0 0 0
47 0 0 0 0 0 0 0 0 0 0 0 0
49 0 0 0 0 0 0 0 0 0 0 0 0
