5 0.00868208 0.000920299 0.0269242 0.00162065 0.0407765 0.00199444 0.04741 0.00215056 0.0494586 0.00219653 0.0283875 0.0016641
15 0.0262413 0.00159996 0.074822 0.00270166 0.075895 0.00272097 0.061555 0.00245046 0.0439957 0.00207168 0.0103405 0.00100435
25 0.0540435 0.00229609 0.0762852 0.00272795 0.0487757 0.00218132 0.0347283 0.0018406 0.0147303 0.00119873 0 0
35 0.0674081 0.00256432 0.0662374 0.00254196 0.0352161 0.00185348 0.014145 0.00117468 0.00331675 0.000568818 0 0
45 0.0733587 0.00267512 0.0490684 0.00218785 0.0183397 0.00133756 0.00556043 0.000736497 0.000292654 0.000168964 0 0
55 0.0687738 0.00259017 0.0432153 0.00205322 0.00936494 0.000955805 0.00165837 0.000402215 0 0 0 0
65 0.0769681 0.00274014 0.0279973 0.00165263 0.00604819 0.000768121 0.000487757 0.000218132 0 0 0 0
75 0.0957955 0.00305696 0.0177544 0.00131604 0.00185348 0.000425217 0.000292654 0.000168964 0 0 0 0
85 0.119501 0.0034143 0.010438 0.00100908 0.000390206 0.000195103 0 0 0 0 0 0
95 0.467174 0.00675081 0.00887718 0.000930582 0.000877963 0.000292654 9.75515e-05 9.75515e-05 0 0 0 0
