2.5 0.322519 0.00468663
7.5 0.495903 0.00377795
12.5 0.602931 0.00390702
17.5 0.68646 0.00403908
22.5 0.726142 0.00416637
27.5 0.767416 0.00422771
32.5 0.781693 0.00450943
37.5 0.805779 0.00442892
42.5 0.824726 0.00441896
47.5 0.831049 0.00467827
52.5 0.83348 0.00479356
57.5 0.844667 0.00487786
62.5 0.855965 0.00469281
67.5 0.860781 0.00481718
72.5 0.857407 0.00472299
77.5 0.861105 0.00482086
82.5 0.869216 0.00488654
87.5 0.872876 0.00470598
92.5 0.871701 0.00455259
97.5 0.880634 0.0044494
102.5 0.861833 0.00398634
107.5 0.86798 0.00453349
112.5 0.883598 0.00468512
117.5 0.893826 0.00471561
122.5 0.895998 0.00569137
127.5 0.913811 0.00535206
132.5 0.914539 0.00546942
137.5 0.921032 0.00600806
142.5 0.916566 0.00710925
147.5 0.922936 0.00708037
152.5 0.926516 0.0076907
157.5 0.940312 0.00712667
162.5 0.929143 0.00998949
167.5 0.953194 0.00595057
172.5 0.944693 0.00969981
177.5 0.936157 0.010241
182.5 0.951594 0.0148396
187.5 0.962554 0.0058098
192.5 0.945606 0.00887338
197.5 0.954432 0.0119455
