0.00166667 8.2656 0.584466
0.005 22.1105 0.95592
0.00833333 32.6491 1.1616
0.0116667 38.0218 1.25354
0.015 40.0055 1.28583
0.0183333 38.2697 1.25762
0.0216667 33.1037 1.16966
0.025 26.2433 1.04143
0.0283333 20.0028 0.909216
0.0316667 15.5807 0.802445
0.035 9.96005 0.641583
0.0383333 6.4885 0.517838
0.0416667 4.4221 0.4275
0.045 2.02507 0.289296
0.0483333 1.57046 0.254763
0.0516667 0.743904 0.17534
0.055 0.371952 0.123984
0.0583333 0.041328 0.041328
0.0616667 0.123984 0.0715822
0.065 0 0
0.0683333 0 0
0.0716667 0 0
0.075 0 0
0.0783333 0 0
0.0816667 0 0
0.085 0 0
0.0883333 0 0
0.0916667 0 0
0.095 0 0
0.0983333 0 0
