2.5 0.754832 0.00402161
7.5 0.923423 0.00156179
12.5 0.957573 0.00109441
17.5 0.970394 0.000849217
22.5 0.976303 0.000791257
27.5 0.979617 0.000718223
32.5 0.982206 0.000640456
37.5 0.985377 0.00051509
42.5 0.986666 0.000495123
47.5 0.987384 0.000512759
52.5 0.988464 0.000418071
57.5 0.988546 0.000475005
62.5 0.98905 0.000469248
67.5 0.990328 0.000381549
72.5 0.989967 0.000450296
77.5 0.990257 0.000403014
82.5 0.990716 0.000389945
87.5 0.990471 0.000400052
92.5 0.991047 0.000338255
97.5 0.991062 0.000415135
102.5 0.989849 0.000319453
107.5 0.990937 0.000352636
112.5 0.991271 0.000376951
117.5 0.992293 0.000339358
122.5 0.99228 0.000409713
127.5 0.992875 0.000567062
132.5 0.993283 0.000483178
137.5 0.993323 0.000546738
142.5 0.994811 0.000424438
147.5 0.994949 0.000452247
152.5 0.994448 0.000610244
157.5 0.995559 0.000728426
162.5 0.994878 0.000663938
167.5 0.995796 0.000591198
172.5 0.995523 0.000688623
177.5 0.996786 0.00051663
182.5 0.996876 0.000698818
187.5 0.997054 0.00047628
192.5 0.997008 0.000768741
197.5 0.995194 0.00138028
