2.5 0.479215 0.00472525
7.5 0.722755 0.00273922
12.5 0.826813 0.00206667
17.5 0.87333 0.0017312
22.5 0.900352 0.00148202
27.5 0.917843 0.00129555
32.5 0.926244 0.00128597
37.5 0.936531 0.00113927
42.5 0.943539 0.00108322
47.5 0.947606 0.00104572
52.5 0.950307 0.00100848
57.5 0.953491 0.000967457
62.5 0.95628 0.000902186
67.5 0.957951 0.000902389
72.5 0.959137 0.000915666
77.5 0.961649 0.000817089
82.5 0.963404 0.000820745
87.5 0.965269 0.000791924
92.5 0.964939 0.000735617
97.5 0.966473 0.000756685
102.5 0.967175 0.000562098
107.5 0.968945 0.000618819
112.5 0.970815 0.000644638
117.5 0.974613 0.000675823
122.5 0.97471 0.000736765
127.5 0.974921 0.000905576
132.5 0.978288 0.000789114
137.5 0.977845 0.000957515
142.5 0.977406 0.00104971
147.5 0.980761 0.000991087
152.5 0.981555 0.0010633
157.5 0.982515 0.00140302
162.5 0.98327 0.00121883
167.5 0.986795 0.00108912
172.5 0.985611 0.00122213
177.5 0.983619 0.00168396
182.5 0.984551 0.00241526
187.5 0.983708 0.00172296
192.5 0.98453 0.0019691
197.5 0.985455 0.00216936
