-1.25 -0.0599018 -0.0892419 -1.25 0.384051 0.270757 -0.147196 -0.178948
-0.9 0.0122037 -0.0625299 -0.9375 0.30959 0.213443 -0.103145 -0.185329
-0.7 0.118692 0.0623113 -0.8125 0.322315 0.178083 -0.0769828 -0.141286
-0.5 0.414472 0.308733 -0.6875 0.322177 0.210258 0.0686452 -0.0444905
-0.35 0.766238 0.579958 -0.5625 0.394414 0.287438 0.191342 -0.00797409
-0.25 1.2993 0.970357 -0.4375 0.528496 0.337381 0.353182 0.00791863
-0.15 1.793 1.53084 -0.3125 0.795496 0.59925 0.311937 0.0290165
0 2.44094 2.20833 -0.1875 1.98345 1.09029 0.185102 -0.0662778
0.15 1.77808 1.56093 0 2.0375 1.90925 0.135973 -0.102454
0.25 1.1918 0.949385 0.1875 1.29764 1.14569 0.223204 -0.0362758
0.35 1.61053 0.607904 0.3125 0.706114 0.603144 1.04461 0.0316077
0.5 0.192485 0.115845 0.4375 0.5051 0.293196 0.0481201 -0.033262
0.7 0.155107 0.0919346 0.5625 0.343239 0.259378 -0.0643855 -0.13524
0.9 0.0378604 -0.0190229 0.6875 0.307764 0.210391 -0.128818 -0.196212
1.25 -0.0412399 -0.0963333 0.8125 0.292035 0.179334 -0.143207 -0.201475
0 0 0 0.9375 0.326791 0.177866 -0.0423757 -0.624291
0 0 0 1.25 0.412741 0.26878 -0.0423757 -0.624291
