17.5 18.9561 0.010404
22.5 21.4424 0.018676
27.5 25.6833 0.0412557
32.5 28.7329 0.21674
37.5 31.4584 0.0947243
42.5 36.9983 0.131962
47.5 43.6692 0.186432
52.5 49.5923 0.243925
57.5 55.3932 0.329902
62.5 61.145 0.42776
67.5 67.1879 0.556051
72.5 72.2534 0.632792
77.5 75.873 0.863071
82.5 84.1559 1.01106
87.5 87.6442 1.24159
92.5 92.8244 1.38287
97.5 99.3856 1.75732
102.5 104.975 1.93004
107.5 111.234 1.32766
112.5 111.971 2.64619
117.5 117.21 3.26005
122.5 127.356 3.17525
127.5 0 0
132.5 131.535 2.47243
137.5 136.172 -nan
142.5 142.933 -nan
147.5 121.787 -nan
152.5 149.232 1.46309
157.5 159.695 0.951469
162.5 0 0
167.5 178.629 -nan
172.5 0 0
177.5 201.672 -nan
182.5 204.724 -nan
187.5 0 0
192.5 0 0
197.5 212.553 -nan
202.5 0 0
207.5 0 0
212.5 0 0
217.5 0 0
222.5 0 0
227.5 0 0
232.5 0 0
237.5 256.092 -nan
242.5 0 0
247.5 0 0
252.5 0 0
257.5 0 0
262.5 0 0
267.5 0 0
272.5 0 0
277.5 0 0
282.5 0 0
287.5 0 0
292.5 0 0
297.5 0 0
