0.1 1.18976 0.010522
0.3 0.937973 0.0131312
0.5 0.836045 0.0139436
0.7 0.807502 0.0145876
0.9 0.762302 0.0145149
1.1 0.784118 0.015217
1.3 0.741526 0.0147066
1.5 0.715463 0.014535
1.7 0.666358 0.0142558
1.9 0.64133 0.0144127
2.1 0.610565 0.0146374
2.3 0.612361 0.0159203
2.5 0.567995 0.0162167
2.7 0.596201 0.0188402
2.9 0.613193 0.0213579
3.1 0.651329 0.0257895
3.3 0.67388 0.0304735
3.5 0.760246 0.0398895
3.7 0.677819 0.0430001
3.9 0.70234 0.0552085
4.1 0.869928 0.0855302
4.3 0.727112 0.0906901
4.5 0.864377 0.148681
4.7 0.814824 0.20295
4.9 0.90536 0.309239
5.1 1.50893 1.01222
5.3 1.20715 0.763467
