-0.9 1.07302 0.368681
-0.7 0.991585 0.197314
-0.5 1.27421 0.158409
-0.3 1.16388 0.0994536
-0.1 0.966798 0.0484868
0.1 0.87941 0.0118113
0.3 1.08806 0.0159042
0.5 1.06609 0.0160379
0.7 1.0191 0.0160675
0.9 0.934936 0.0156241
1.1 0.870948 0.0153404
1.3 0.819839 0.0149644
1.5 0.765406 0.0144939
1.7 0.725582 0.014448
1.9 0.682622 0.0142329
2.1 0.673827 0.0145172
2.3 0.637674 0.0148106
2.5 0.626708 0.0157315
2.7 0.613393 0.0168482
2.9 0.615467 0.0185841
3.1 0.653039 0.0224233
3.3 0.685442 0.0266906
3.5 0.719807 0.0327525
3.7 0.753983 0.0397675
3.9 0.861755 0.0505037
4.1 0.92001 0.0689204
4.3 0.850794 0.0803792
4.5 0.918482 0.118943
4.7 1.20715 0.239051
4.9 0.819136 0.243472
5.1 0.877925 0.407937
5.3 1.20715 0.985632
5.5 0.603574 0.739224
