0.1 1.171 0.0104467
0.3 0.947555 0.0132814
0.5 0.859932 0.0144399
0.7 0.824974 0.015097
0.9 0.794573 0.0150081
1.1 0.768018 0.0149263
1.3 0.757097 0.015045
1.5 0.705041 0.0145073
1.7 0.679794 0.0145383
1.9 0.668053 0.0149778
2.1 0.639198 0.0153656
2.3 0.624284 0.0161924
2.5 0.632882 0.0177928
2.7 0.588011 0.0185567
2.9 0.612211 0.0214188
3.1 0.63089 0.0254594
3.3 0.716457 0.0332049
3.5 0.696105 0.0378652
3.7 0.644025 0.041851
3.9 0.801032 0.0607885
4.1 0.719536 0.0713077
4.3 0.675991 0.0922601
4.5 0.779456 0.139332
4.7 0.984019 0.236777
4.9 0.977336 0.337568
5.1 0.530554 0.366117
5.3 0.928469 0.70913
5.5 1.23796 1.75074
