2.5 0.117141 0.0030667
7.5 0.237491 0.00286414
12.5 0.399445 0.00326918
17.5 0.539596 0.00321162
22.5 0.644061 0.00279007
27.5 0.716072 0.00249141
32.5 0.764514 0.00229969
37.5 0.797998 0.00210998
42.5 0.818709 0.00197219
47.5 0.838579 0.00185008
52.5 0.850815 0.00175254
57.5 0.867071 0.00165373
62.5 0.873829 0.00159054
67.5 0.885187 0.00151855
72.5 0.892839 0.00143094
77.5 0.900689 0.00134617
82.5 0.907776 0.00131582
87.5 0.914023 0.00123937
92.5 0.919093 0.00112927
97.5 0.924074 0.00109032
102.5 0.933573 0.000743369
107.5 0.937591 0.000825451
112.5 0.941238 0.000868401
117.5 0.946441 0.000940134
122.5 0.947287 0.00102852
127.5 0.951687 0.0011321
132.5 0.952662 0.0010876
137.5 0.95232 0.00128567
142.5 0.955489 0.00145205
147.5 0.958399 0.00138013
152.5 0.955056 0.00192684
157.5 0.961096 0.00174631
162.5 0.961417 0.00192762
167.5 0.962664 0.00166488
172.5 0.965699 0.00235881
177.5 0.966178 0.0018451
182.5 0.967778 0.00266388
187.5 0.967358 0.00294835
192.5 0.96932 0.00212691
197.5 0.966203 0.00369174
