0.1 1.24991 0.0109225
0.3 0.957405 0.0134514
0.5 0.768421 0.0132092
0.7 0.702757 0.0132289
0.9 0.663706 0.0133598
1.1 0.633839 0.0130947
1.3 0.602705 0.0126871
1.5 0.573937 0.0126264
1.7 0.546704 0.0125508
1.9 0.544001 0.0130205
2.1 0.53587 0.0136004
2.3 0.521859 0.0142281
2.5 0.525461 0.015649
2.7 0.552794 0.0175285
2.9 0.629886 0.0223868
3.1 0.688585 0.0268679
3.3 0.724156 0.0320644
3.5 0.875323 0.0438656
3.7 0.868526 0.0513259
3.9 0.866439 0.0640977
4.1 1.01192 0.09257
4.3 1.08926 0.123718
4.5 0.990187 0.164196
4.7 1.27919 0.289774
4.9 1.8988 0.607911
5.1 2.02538 1.0459
5.3 1.21523 0.992231
5.5 1.21523 1.71859
