0.1 -0.440441 0.219278 -0.119427 0.304797 -0.482023 0.466793 -0.133661 0.900835 -28.2503 3.50686 -0.268827 0.120749 -29.4259 3.66994 -29.4259
0.3 -0.230777 0.351628 -0.648729 0.452565 0.0593466 0.411868 -0.334869 0.303912 -0.123662 0.299011 0.195788 0.226648 -1.27869 0.824538 -30.7046
0.5 0.555779 0.422407 -0.571382 0.589423 -0.188483 0.427181 0.214343 0.154506 0.46202 0.380312 -0.490144 0.271769 0.472278 0.936397 -30.2323
0.7 -0.0690692 0.463436 -1.41296 0.684417 0.878721 0.41655 0.148389 0.177952 0.289868 0.18605 0.0269779 0.303525 -0.165049 0.960727 -30.3974
0.9 -0.0459716 0.510434 0.123359 0.706385 0.476007 0.489264 0.32756 0.192471 0.530245 0.267827 -0.222353 0.29182 1.4112 1.05246 -28.9862
1.1 -0.0778164 0.555698 -0.326657 0.695542 0.514791 0.518862 0.187255 0.129125 0.374807 0.273416 0.179921 0.331908 0.67238 1.07388 -28.3138
1.3 -0.0555876 0.481554 0.40137 0.683545 1.08684 0.51306 0.083635 0.111015 0.0645351 0.0645351 0.157949 0.309205 1.58079 0.989368 -26.733
1.5 0.504544 0.458103 1.1665 0.678914 0.390223 0.490319 0.0330482 0.121236 -0.0718722 0.0718722 0.571244 0.307418 2.02245 0.964914 -24.7105
1.7 -0.373633 0.47079 0.10791 0.693332 -0.257637 0.504622 0.25496 0.124291 0.248577 0.170097 3.54835e-05 0.296558 -0.0198226 1.00069 -24.7304
1.9 -1.00525 0.962966 0.322596 1.16659 -0.358628 0.952512 0.179555 0.224442 0.458441 0.196614 0.227383 0.623042 -0.403283 1.81233 -25.1337
