0.1 0.20364 0.215469 0.780041 0.309204 -0.365178 0.449754 -1.34239 0.919054 -26.9485 3.56246 0.00247162 0.129559 -27.6723 3.7256 -27.6723
0.3 0.720582 0.331325 1.37779 0.534412 0.0526806 0.397161 -0.141625 0.261896 -0.389522 0.331967 0.117385 0.207795 1.61991 0.855512 -26.0524
0.5 1.36098 0.429029 1.46844 0.583436 0.49275 0.477759 0.156702 0.128808 0.599404 0.287889 0.636281 0.288388 4.07827 0.923141 -21.9742
0.7 2.70555 0.444688 2.56852 0.638081 0.715354 0.5079 -0.00331836 0.154683 0.428173 0.1962 0.540258 0.30452 6.41428 0.961914 -15.5599
0.9 2.19247 0.498466 2.02615 0.695252 0.708107 0.545925 0.203591 0.185836 0.419175 0.246031 0.438902 0.294883 5.54949 1.06063 -10.0104
1.1 0.759812 0.494201 0.618833 0.622764 1.54039 0.497833 -0.0139885 0.13024 0.461672 0.267206 0.420704 0.294537 3.36672 0.984007 -6.64368
1.3 0.951935 0.49262 1.64181 0.622265 1.03678 0.491209 0.229392 0.115437 0 0 0.489144 0.308681 3.85992 0.940478 -2.78376
1.5 0.293566 0.491258 0.32749 0.613729 0.235299 0.490627 -0.0616806 0.111975 -0.0676667 0.0676667 -0.0736864 0.281223 0.727008 0.935858 -2.05675
1.7 0.317644 0.440977 0.804469 0.649546 -0.221506 0.488531 0.00867395 0.118614 0.102532 0.0926245 -0.267687 0.284345 1.01181 0.936846 -1.04494
1.9 -1.48114 0.847261 -1.23155 1.25004 1.45945 0.917284 0.579045 0.218771 0.644809 0.279952 0.430774 0.612999 -0.0293822 1.80225 -1.07433
