-1.25 57.6585 0.253675 -1.25 57.4542 0.253225 66.5268 0.272486
-0.9 56.9308 0.398556 -0.9375 57.5223 0.506751 66.6295 0.545392
-0.7 57.3968 0.400184 -0.8125 57.7768 0.50787 66.7723 0.545977
-0.5 57.6674 0.401126 -0.6875 57.4196 0.506298 66.5938 0.545246
-0.35 59.0513 0.574045 -0.5625 56.7411 0.503297 66.8304 0.546214
-0.25 57.6507 0.567196 -0.4375 58.1652 0.509574 65.7634 0.541836
-0.15 60.5301 0.581188 -0.3125 58.9464 0.512985 66.875 0.546396
0 61.356 0.413756 -0.1875 59.6518 0.516045 66.2366 0.543782
0.15 59.9051 0.57818 0 60.5625 0.367674 66.7589 0.386025
0.25 59.2969 0.575237 0.1875 59.1473 0.513858 66.9643 0.546761
0.35 56.9308 0.563644 0.3125 57.9062 0.508439 66.7366 0.545831
0.5 28.909 0.284009 0.4375 58.2411 0.509907 66.5402 0.545027
0.7 57.7344 0.401359 0.5625 56.8884 0.50395 67.4152 0.548599
0.9 57.5 0.400544 0.6875 57.0759 0.50478 65.4241 0.540437
1.25 56.8984 0.251997 0.8125 57.7277 0.507654 65.5759 0.541063
0 -nan -nan 0.9375 58.3393 0.510336 66.6161 0.545338
0 -nan -nan 1.25 57.1752 0.25261 65.9129 0.271226
