-1.25 57.5975 0.34749 -1.25 58.3732 0.349822 65.6101 0.370874
-0.9 57.673 0.54979 -0.9375 57.1237 0.692116 66.7421 0.748119
-0.7 57.3742 0.548364 -0.8125 58.13 0.698186 66.3396 0.74586
-0.5 58.0451 0.551561 -0.6875 57.8365 0.696421 65.3082 0.740039
-0.35 57.8197 0.778509 -0.5625 58.8428 0.702453 65.543 0.741368
-0.25 58.7526 0.784765 -0.4375 58.3564 0.699544 66.4403 0.746425
-0.15 61.3941 0.802212 -0.3125 58.1216 0.698135 66.1719 0.744917
0 62.783 0.57363 -0.1875 61.065 0.715594 65.9874 0.743877
0.15 60.8071 0.798368 0 61.0524 0.50595 65.9287 0.525767
0.25 60.0734 0.793536 0.1875 60.3522 0.711406 65.6101 0.741747
0.35 59.0776 0.786932 0.3125 57.2998 0.693182 66.5744 0.747179
0.5 27.9088 0.382456 0.4375 57.8281 0.69637 65.7023 0.742269
0.7 58.3124 0.552829 0.5625 58.7925 0.702153 64.7463 0.736849
0.9 58.0922 0.551785 0.6875 58.499 0.700398 67.4382 0.75201
1.25 56.9057 0.345397 0.8125 58.6834 0.701501 65.9455 0.743641
0 -nan -nan 0.9375 59.0105 0.703453 66.0126 0.744019
0 -nan -nan 1.25 57.7673 0.348002 66.6709 0.37386
