-1.25 57.6315 0.352428 -1.25 57.3427 0.351544 65.8319 0.376668
-0.9 56.9881 0.554119 -0.9375 57.8017 0.705897 65.8793 0.753608
-0.7 57.139 0.554852 -0.8125 57.5345 0.704263 66.319 0.756119
-0.5 57.6778 0.557462 -0.6875 58.0948 0.707685 66.1638 0.755233
-0.35 58.8793 0.79654 -0.5625 57.1552 0.701938 67.3707 0.76209
-0.25 57.6832 0.788407 -0.4375 57.5086 0.704105 66.2586 0.755774
-0.15 59.9677 0.803868 -0.3125 58.4914 0.710096 66.2069 0.755479
0 60.6897 0.571832 -0.1875 59.5517 0.716503 66.3276 0.756168
0.15 59.0194 0.797487 0 59.7586 0.507524 66.4353 0.535125
0.25 58.8901 0.796612 0.1875 59.1552 0.714114 67.4052 0.762285
0.35 57.7802 0.78907 0.3125 57.3276 0.702996 66.5948 0.757689
0.5 28.4591 0.391581 0.4375 58.6983 0.711351 65.3276 0.750446
0.7 58.2705 0.560319 0.5625 56.5862 0.698435 67.8276 0.76467
0.9 57.57 0.556941 0.6875 57.0603 0.701355 65.6466 0.752276
1.25 57.1272 0.350883 0.8125 57.8017 0.705897 65.3621 0.750644
0 -nan -nan 0.9375 58.1466 0.708 66.3448 0.756266
0 -nan -nan 1.25 57.2974 0.351405 65.6983 0.376286
