2.5 0.556537 0.00455905
7.5 0.805134 0.00216279
12.5 0.885826 0.00145447
17.5 0.918005 0.0011479
22.5 0.9358 0.000959508
27.5 0.947111 0.000834007
32.5 0.952519 0.00082785
37.5 0.959142 0.000733413
42.5 0.963653 0.00069732
47.5 0.966271 0.000673187
52.5 0.96801 0.000649195
57.5 0.970059 0.000622794
62.5 0.971855 0.000580789
67.5 0.972931 0.000580926
72.5 0.973695 0.000589458
77.5 0.975312 0.000525975
82.5 0.976442 0.000528393
87.5 0.977643 0.000509788
92.5 0.97743 0.000473578
97.5 0.978416 0.000487107
102.5 0.978869 0.00036185
107.5 0.980009 0.000398383
112.5 0.981211 0.000414973
117.5 0.983656 0.00043501
122.5 0.983721 0.000474304
127.5 0.983855 0.000583035
132.5 0.986024 0.000508009
137.5 0.985738 0.000616526
142.5 0.985455 0.000675625
147.5 0.987617 0.000637892
152.5 0.988124 0.000684548
157.5 0.98875 0.000903062
162.5 0.989229 0.000784484
167.5 0.991503 0.000701422
172.5 0.990737 0.000786808
177.5 0.989456 0.00108384
182.5 0.990053 0.00155463
187.5 0.989522 0.00110945
192.5 0.99004 0.00126613
197.5 0.990645 0.00139716
