2.5 0.0925386 0.00279774
7.5 0.16866 0.0026351
12.5 0.282552 0.00325731
17.5 0.404502 0.00370704
22.5 0.503839 0.0037674
27.5 0.59726 0.00356359
32.5 0.659694 0.00334075
37.5 0.709303 0.00303644
42.5 0.743362 0.00278365
47.5 0.764812 0.00269425
52.5 0.787951 0.00247842
57.5 0.812841 0.00239557
62.5 0.82534 0.00219995
67.5 0.834144 0.00215408
72.5 0.842158 0.00210478
77.5 0.855953 0.00194866
82.5 0.868552 0.00186333
87.5 0.876602 0.00176346
92.5 0.881283 0.00159952
97.5 0.894119 0.00149546
102.5 0.905375 0.00108586
107.5 0.9087 0.00115835
112.5 0.915758 0.00124308
117.5 0.920488 0.0013179
122.5 0.923535 0.00151629
127.5 0.929991 0.00158677
132.5 0.932343 0.00154919
137.5 0.936193 0.00183185
142.5 0.933404 0.00215447
147.5 0.937915 0.00217451
152.5 0.936703 0.00238845
157.5 0.942787 0.00272284
162.5 0.945242 0.00272264
167.5 0.949496 0.00280063
172.5 0.953246 0.00285276
177.5 0.949014 0.0032409
182.5 0.952918 0.00431634
187.5 0.950546 0.00388818
192.5 0.951524 0.00335354
197.5 0.956387 0.00427376
