1 0.960739 0.0333076 0.866184 0.0228498 0.746622 0.0151429 0.623284 0.0121445 0.481816 0.00983914 0.442341 0.0087255
3 0.0381062 0.00663344 0.126582 0.00873501 0.22758 0.00836035 0.295551 0.0083628 0.34338 0.00830622 0.242513 0.0064607
5 0.00115473 0.00115473 0.00723327 0.00208807 0.0242629 0.00272979 0.0709891 0.00409856 0.132208 0.00515401 0.190534 0.00572661
7 0 0 0 0 0.00153563 0.000686753 0.00899195 0.00145869 0.0347599 0.00264275 0.0895009 0.00392487
9 0 0 0 0 0 0 0.00118315 0.000529122 0.00723327 0.00120555 0.0275387 0.00217713
11 0 0 0 0 0 0 0 0 0.000602773 0.000348011 0.00654045 0.001061
13 0 0 0 0 0 0 0 0 0 0 0.0010327 0.000421599
15 0 0 0 0 0 0 0 0 0 0 0 0
17 0 0 0 0 0 0 0 0 0 0 0 0
19 0 0 0 0 0 0 0 0 0 0 0 0
21 0 0 0 0 0 0 0 0 0 0 0 0
23 0 0 0 0 0 0 0 0 0 0 0 0
25 0 0 0 0 0 0 0 0 0 0 0 0
27 0 0 0 0 0 0 0 0 0 0 0 0
29 0 0 0 0 0 0 0 0 0 0 0 0
31 0 0 0 0 0 0 0 0 0 0 0 0
33 0 0 0 0 0 0 0 0 0 0 0 0
35 0 0 0 0 0 0 0 0 0 0 0 0
37 0 0 0 0 0 0 0 0 0 0 0 0
39 0 0 0 0 0 0 0 0 0 0 0 0
41 0 0 0 0 0 0 0 0 0 0 0 0
43 0 0 0 0 0 0 0 0 0 0 0 0
45 0 0 0 0 0 0 0 0 0 0 0 0
47 0 0 0 0 0 0 0 0 0 0 0 0
49 0 0 0 0 0 0 0 0 0 0 0 0
