1 1 0.235702 0.909091 0.108657 0.848168 0.0471204 0.752232 0.0236579 0.512399 0.012373 0.44592 0.00888469
3 0 0 0.0779221 0.0318116 0.146597 0.0195898 0.220238 0.0128011 0.336122 0.0100212 0.239157 0.00650663
5 0 0 0.012987 0.012987 0.0052356 0.00370213 0.0275298 0.00452586 0.117717 0.00593051 0.190122 0.00580137
7 0 0 0 0 0 0 0 0 0.0274873 0.00286575 0.0893964 0.00397809
9 0 0 0 0 0 0 0 0 0.00567673 0.00130233 0.0277925 0.00221809
11 0 0 0 0 0 0 0 0 0.00059755 0.000422532 0.00654983 0.00107679
13 0 0 0 0 0 0 0 0 0 0 0.00106213 0.000433615
15 0 0 0 0 0 0 0 0 0 0 0 0
17 0 0 0 0 0 0 0 0 0 0 0 0
19 0 0 0 0 0 0 0 0 0 0 0 0
21 0 0 0 0 0 0 0 0 0 0 0 0
23 0 0 0 0 0 0 0 0 0 0 0 0
25 0 0 0 0 0 0 0 0 0 0 0 0
27 0 0 0 0 0 0 0 0 0 0 0 0
29 0 0 0 0 0 0 0 0 0 0 0 0
31 0 0 0 0 0 0 0 0 0 0 0 0
33 0 0 0 0 0 0 0 0 0 0 0 0
35 0 0 0 0 0 0 0 0 0 0 0 0
37 0 0 0 0 0 0 0 0 0 0 0 0
39 0 0 0 0 0 0 0 0 0 0 0 0
41 0 0 0 0 0 0 0 0 0 0 0 0
43 0 0 0 0 0 0 0 0 0 0 0 0
45 0 0 0 0 0 0 0 0 0 0 0 0
47 0 0 0 0 0 0 0 0 0 0 0 0
49 0 0 0 0 0 0 0 0 0 0 0 0
