5 0.00969289 0.000994469 0.0360167 0.00191698 0.0588715 0.00245085 0.0607081 0.00248879 0.0560147 0.00239065 0.0363228 0.00192511
15 0.0389756 0.00199417 0.0994796 0.0031859 0.0782573 0.00282571 0.0577492 0.00242738 0.0483624 0.00222136 0.0093868 0.000978641
25 0.0647893 0.00257109 0.0865218 0.00297117 0.0531578 0.00232889 0.0316294 0.00179643 0.0108152 0.00105047 0.000306091 0.000176722
35 0.0723396 0.00271677 0.0678502 0.00263112 0.0304051 0.00176132 0.0115294 0.0010846 0.00183655 0.000432878 0 0
45 0.0777472 0.00281648 0.0479543 0.00221197 0.0172431 0.0013264 0.00510152 0.000721464 0.000306091 0.000176722 0 0
55 0.0791756 0.00284224 0.0395878 0.00200977 0.00887665 0.000951676 0.00153046 0.000395162 0 0 0 0
65 0.0842771 0.00293238 0.0243853 0.00157735 0.00316294 0.000568081 0.000306091 0.000176722 0 0 0 0
75 0.100296 0.00319894 0.0152025 0.00124544 0.00244873 0.000499845 0.000204061 0.000144293 0 0 0 0
85 0.115192 0.00342828 0.0080604 0.000906866 0.00112233 0.000338397 0 0 0 0 0 0
95 0.461177 0.0068596 0.00663198 0.000822595 0.000612182 0.000249922 0 0 0 0 0 0
