0.1 0.317655 0.0738556 0.306829 0.162545 -0.553722 0.399322 -0.23157 0.897479 -26.3494 3.32834 0.131168 0.0258052 -26.5102 3.47486 -26.5102
0.3 1.11249 0.140283 1.37266 0.223147 0.519435 0.223419 -0.347445 0.25758 0.276032 0.469409 0.438954 0.0497933 2.93317 0.637245 -23.577
0.5 1.66993 0.17462 1.59997 0.205723 0.802643 0.147291 0.263089 0.155562 0.751889 0.331483 0.508041 0.0599204 5.08752 0.47811 -18.4895
0.7 1.87934 0.180752 2.02211 0.208171 0.427375 0.12823 0.232266 0.101955 0.474916 0.265419 0.659719 0.0741244 5.03601 0.416283 -13.4535
0.9 1.44605 0.14567 1.5633 0.153844 0.435486 0.11771 0.120278 0.0916029 0.861559 0.382387 0.605084 0.0605662 4.42667 0.461903 -9.02684
1.1 1.19155 0.132872 1.16053 0.137226 0.392556 0.10677 0.411794 0.110043 0.109249 0.0999632 0.567261 0.063651 3.26567 0.264553 -5.76117
1.3 0.704319 0.098485 0.866558 0.103674 0.216374 0.0922411 0.123538 0.0586517 0.137672 0.102739 0.425638 0.0471653 2.04846 0.207247 -3.71271
1.5 0.528728 0.0779811 0.262507 0.0797227 0.101418 0.0593584 -0.0970285 0.0482197 0.0470091 0.129845 0.227378 0.0353226 0.842634 0.18747 -2.87007
1.7 0.263362 0.0580788 0.319707 0.0786938 0.0870054 0.0654136 0.0486429 0.0621915 0.166059 0.0877722 0.221772 0.0309381 0.884777 0.159426 -1.9853
1.9 0.534629 0.116384 0.47451 0.10701 0.284306 0.108912 0.530185 0.215669 0.466688 0.241906 0.301324 0.0523013 2.29032 0.376682 0.305022
