0.1 0.392903 0.0574167 0.423559 0.119173 -0.682759 0.265689 -1.89846 0.595627 -28.1459 2.21654 0.169881 0.0208199 -29.9106 2.31429 -29.9106
0.3 1.26179 0.115341 1.47696 0.18023 0.204025 0.194224 -0.590746 0.28695 -1.29502 0.672486 0.422148 0.0401293 1.057 0.786185 -28.8536
0.5 2.03372 0.136739 2.06409 0.182679 0.671324 0.117325 -0.0513195 0.103048 -0.0578819 0.120225 0.704739 0.0497971 4.65993 0.301508 -24.1937
0.7 2.16396 0.150127 1.99553 0.171163 0.491861 0.0929517 -0.0946076 0.0608298 -0.0342462 0.0694484 0.767253 0.056112 4.5225 0.262675 -19.6712
0.9 1.81003 0.120972 1.70745 0.1199 0.525221 0.0802393 0.12 0.0800179 0.680111 0.198988 0.731634 0.0499828 4.84282 0.285391 -14.8284
1.1 1.56063 0.102659 1.54454 0.108768 0.554529 0.0738193 0.270505 0.0725436 0.437028 0.207379 0.652499 0.0455877 4.36723 0.275839 -10.4612
1.3 1.09444 0.0711989 0.961442 0.0845999 0.361948 0.0641892 0.0230418 0.0540902 0.089634 0.0742923 0.525922 0.0375728 2.5305 0.157454 -7.93065
1.5 0.644453 0.0528021 0.560806 0.0583446 0.115192 0.0391378 0.0214564 0.049057 0.0847774 0.0418608 0.334585 0.0296272 1.42668 0.109008 -6.50397
1.7 0.432192 0.0412006 0.347425 0.0524177 0.168961 0.0465996 0.0855287 0.041027 0.114996 0.0669888 0.245338 0.023523 1.1491 0.113081 -5.35487
1.9 0.749184 0.0904861 0.815755 0.0961031 0.328431 0.0699858 0.219683 0.0960694 0.817097 0.354674 0.451494 0.0432207 2.93015 0.396667 -2.42472
