0.1 0.340646 0.0473826 0.298381 0.0939842 -0.875912 0.201552 -3.00528 0.4487 -25.4807 1.76918 0.177001 0.0180079 -28.7229 1.8393 -28.7229
0.3 1.29546 0.0905308 1.58981 0.136066 0.159377 0.149432 -0.50771 0.263092 -0.137263 0.749719 0.403592 0.0324441 2.39967 0.824825 -26.3232
0.5 1.84765 0.116105 1.99214 0.143117 0.655849 0.111048 -0.189671 0.127871 -0.579235 0.345869 0.597758 0.0387891 3.72674 0.426932 -22.5965
0.7 2.05964 0.113283 1.95898 0.138761 0.491169 0.0916933 -0.23258 0.0897014 -0.0853298 0.170358 0.755388 0.0452858 4.19188 0.278502 -18.4046
0.9 1.75174 0.0960166 1.85604 0.110156 0.467953 0.0681663 -0.00776586 0.0564066 -0.0252576 0.0701807 0.728615 0.0413857 4.04271 0.184681 -14.3619
1.1 1.30355 0.0815429 1.30909 0.078417 0.286617 0.0549134 0.0169388 0.031502 0.013423 0.0273294 0.60389 0.0364904 2.92962 0.132489 -11.4323
1.3 0.992879 0.0585946 0.905498 0.0599697 0.214732 0.041471 0.084561 0.0413741 0.0683632 0.0500462 0.480687 0.0291503 2.26603 0.113868 -9.16622
1.5 0.606872 0.0406028 0.549571 0.0445734 0.180258 0.039776 0.0847324 0.0340942 0.11521 0.0404733 0.350169 0.0240443 1.53664 0.0895433 -7.62958
1.7 0.414764 0.0339906 0.333303 0.0391552 0.107363 0.0294253 0.0678059 0.0249448 0.126048 0.0747614 0.228774 0.0189549 1.04928 0.0988224 -6.5803
1.9 0.848475 0.0695929 0.847104 0.0800405 0.340095 0.0578772 0.340476 0.0741566 1.06815 0.291646 0.434115 0.0332026 3.4443 0.324278 -3.136
