0.1 0.321515 0.0411435 0.244482 0.0781057 -0.880741 0.168168 -2.74215 0.370359 -21.9279 1.48565 0.132935 0.0149466 -24.9848 1.54285 -24.9848
0.3 1.13387 0.079649 1.32548 0.113066 0.115364 0.128344 -0.608045 0.222945 -0.470159 0.698201 0.332354 0.0282141 1.49651 0.756829 -23.4883
0.5 1.71255 0.101486 1.64554 0.125961 0.491918 0.104024 -0.154238 0.123756 -0.739534 0.349946 0.540952 0.0364072 2.95624 0.418048 -20.5321
0.7 1.79435 0.101843 1.80234 0.118962 0.434171 0.0828081 -0.269923 0.0905787 -0.0660291 0.153721 0.653009 0.0395668 3.69491 0.251427 -16.8372
0.9 1.59628 0.088674 1.54476 0.0979466 0.32502 0.0634801 -0.0929501 0.0613435 -0.155476 0.0734212 0.652626 0.037558 3.21763 0.175043 -13.6195
1.1 1.24885 0.0702252 1.29994 0.0753462 0.246656 0.0491843 -0.0681879 0.0381942 0.00175876 0.0369279 0.554365 0.0329191 2.72902 0.125898 -10.8905
1.3 0.870026 0.0497593 0.707932 0.0524249 0.129177 0.0325881 0.0146962 0.0152622 0.0171138 0.0122786 0.408814 0.0262992 1.73894 0.0816704 -9.15158
1.5 0.5416 0.0349809 0.549782 0.0407424 0.154804 0.0333789 0.0299718 0.0216519 0.051787 0.0273725 0.312072 0.0207698 1.32794 0.0722206 -7.82364
1.7 0.385584 0.029922 0.346843 0.0339639 0.0945523 0.0241684 0.0789071 0.0266204 0.150888 0.059266 0.22426 0.0162378 1.05677 0.0827894 -6.76686
1.9 0.909237 0.063726 0.88634 0.0695387 0.378751 0.0489444 0.380461 0.0628643 1.05537 0.224023 0.445238 0.0288498 3.61016 0.255794 -3.15671
