0.1 0.408457 0.0716263 0.440058 0.140021 -0.351982 0.29927 -1.46466 0.710596 -28.3777 2.59533 0.153542 0.0227749 -29.3458 2.712 -29.3458
0.3 1.44847 0.129763 1.52856 0.180658 0.191435 0.199162 -0.913904 0.296486 -0.674077 0.666552 0.479029 0.046696 1.58048 0.788249 -27.7654
0.5 1.92312 0.16085 1.93312 0.195492 0.697129 0.124658 -0.0475506 0.0732837 6.71038e-05 0.0786285 0.73634 0.0583245 4.50588 0.301964 -23.2595
0.7 2.23735 0.157625 2.04208 0.174638 0.64901 0.108501 0.239632 0.0744456 0.343169 0.167018 0.790849 0.0638703 5.51125 0.317102 -17.7482
0.9 1.76807 0.131462 1.88982 0.140982 0.581198 0.0911889 0.118904 0.0978705 0.75754 0.272281 0.827906 0.0567774 5.11553 0.359429 -12.6327
1.1 1.49989 0.110067 1.50135 0.121791 0.5526 0.0849894 0.268153 0.104849 0.141381 0.256694 0.648565 0.0517287 3.96336 0.333251 -8.66933
1.3 1.0478 0.0802482 0.870532 0.0773484 0.395175 0.0706343 0.108007 0.0857869 0.182604 0.100837 0.580061 0.0440557 2.60411 0.186921 -6.06522
1.5 0.65939 0.0626972 0.502418 0.0670017 0.102241 0.0445082 -0.0683934 0.0387106 0.164637 0.0863755 0.306467 0.0312756 1.36029 0.139142 -4.70493
1.7 0.393558 0.0539754 0.384454 0.0591001 0.100363 0.0475799 0.0544051 0.0511785 0.148739 0.0873783 0.258342 0.0255297 1.08152 0.137565 -3.62341
1.9 0.720388 0.106405 0.783373 0.121415 0.282283 0.0732188 0.244342 0.123683 0.702858 0.338275 0.412532 0.0455163 2.73324 0.401437 -0.890167
