-1.25 0.739394 0.0386487 -1.25 1.93535 0.0625284 0.533333 0.0328244
-0.9 1.35354 0.0826803 -0.9375 2.69091 0.147461 0.444444 0.0599289
-0.7 2.28283 0.107375 -0.8125 2.89293 0.152896 0.363636 0.0542077
-0.5 3.79798 0.138498 -0.6875 3.23232 0.161616 0.557576 0.0671242
-0.35 4.88889 0.222222 -0.5625 3.28889 0.163024 0.50101 0.0636283
-0.25 6.27273 0.251716 -0.4375 4.25051 0.185331 0.50101 0.0636283
-0.15 8.24242 0.288543 -0.3125 4.46869 0.190028 0.484848 0.0625937
0 8.74747 0.210188 -0.1875 5.31717 0.207285 0.670707 0.0736197
0.15 7.88889 0.282287 0 7.40606 0.172984 0.654545 0.0514259
0.25 6.27273 0.251716 0.1875 6.21414 0.224088 0.420202 0.0582715
0.35 4.36364 0.209946 0.3125 4.94545 0.199908 0.557576 0.0671242
0.5 1.58081 0.0893526 0.4375 3.81414 0.17556 0.436364 0.0593816
0.7 2.28788 0.107494 0.5625 3.60404 0.170656 0.444444 0.0599289
0.9 1.5202 0.087623 0.6875 3.08687 0.157938 0.581818 0.0685679
1.25 0.707071 0.0377945 0.8125 2.74747 0.149003 0.420202 0.0582715
0 -nan -nan 0.9375 2.61818 0.145455 0.371717 0.0548067
0 -nan -nan 1.25 1.8 0.0603023 0.422222 0.0292057
