0.1 1.20321 0.0104911
0.3 0.972235 0.0133614
0.5 0.806326 0.0135032
0.7 0.776047 0.0141587
0.9 0.737167 0.0139947
1.1 0.68314 0.0134553
1.3 0.667851 0.0134731
1.5 0.633605 0.0132934
1.7 0.593314 0.0129606
1.9 0.612702 0.0138136
2.1 0.616975 0.0146729
2.3 0.619996 0.0158146
2.5 0.637033 0.0175146
2.7 0.640819 0.0193975
2.9 0.707734 0.023541
3.1 0.746632 0.0278041
3.3 0.905671 0.0380433
3.5 0.880044 0.0424411
3.7 1.01509 0.0567398
3.9 1.13668 0.0773011
4.1 1.23919 0.108847
4.3 1.13211 0.126189
4.5 1.24251 0.187424
4.7 1.47711 0.343607
4.9 1.29713 0.433044
5.1 1.74088 0.794599
5.3 1.16059 0.820659
5.5 2.32117 2.84285
