2.5 0.326533 0.00468119
7.5 0.522062 0.00372514
12.5 0.648175 0.00372698
17.5 0.72061 0.00378459
22.5 0.761987 0.00382686
27.5 0.801954 0.00380946
32.5 0.814361 0.00410465
37.5 0.832682 0.0041122
42.5 0.854067 0.00392836
47.5 0.861302 0.00407249
52.5 0.870753 0.00400951
57.5 0.874591 0.00418825
62.5 0.881034 0.00409292
67.5 0.882371 0.00418804
72.5 0.891376 0.00391481
77.5 0.894728 0.00380643
82.5 0.895742 0.00388944
87.5 0.90123 0.00373064
92.5 0.909872 0.00342161
97.5 0.91269 0.00326809
102.5 0.890547 0.0032444
107.5 0.90098 0.00342598
112.5 0.906845 0.00370252
117.5 0.917683 0.00390847
122.5 0.92041 0.00417938
127.5 0.926815 0.00470161
132.5 0.932968 0.00457503
137.5 0.936885 0.00507773
142.5 0.939125 0.00489884
147.5 0.944226 0.00471732
152.5 0.942024 0.0065639
157.5 0.952553 0.00519168
162.5 0.950271 0.00519208
167.5 0.961258 0.0054495
172.5 0.947117 0.00803522
177.5 0.957003 0.00595418
182.5 0.963614 0.00773484
187.5 0.964416 0.00649222
192.5 0.959642 0.00725111
197.5 0.968932 0.00626418
