17.5 21.8072 0.0163224
22.5 26.171 0.0180416
27.5 32.7519 0.0207154
32.5 36.5144 0.0496595
37.5 39.1452 0.0251939
42.5 43.8842 0.0189422
47.5 48.3918 0.0163028
52.5 52.3175 0.0154365
57.5 56.0722 0.0163991
62.5 60.0951 0.0190406
67.5 64.4785 0.0230129
72.5 69.2803 0.0283975
77.5 74.3223 0.0343825
82.5 79.4237 0.0413084
87.5 84.6519 0.0496139
92.5 89.9948 0.0590512
97.5 95.1931 0.069949
102.5 100.409 0.0819518
107.5 105.904 0.0965776
112.5 111.146 0.111884
117.5 116.362 0.130162
122.5 121.457 0.14749
127.5 126.624 0.174237
132.5 131.737 0.194299
137.5 137.07 0.216355
142.5 142.419 0.266732
147.5 147.471 0.281889
152.5 152.935 0.32735
157.5 157.856 0.36721
162.5 163.401 0.4041
167.5 167.941 0.417753
172.5 172.399 0.532182
177.5 179.291 0.535731
182.5 183.916 0.669173
187.5 188.511 0.712553
192.5 194.345 0.771523
197.5 199.638 0.945093
202.5 204.403 0.912394
207.5 209.202 0.957907
212.5 213.12 1.04381
217.5 221.704 1.13745
222.5 223.248 1.23673
227.5 232.208 1.89666
232.5 234.544 1.77459
237.5 240.043 1.50312
242.5 246.181 1.5763
247.5 253.387 2.53573
252.5 254.674 1.74729
257.5 261.34 2.7037
262.5 259.627 2.58558
267.5 271.195 3.73463
272.5 276.381 4.17669
277.5 292.032 5.42213
282.5 284.984 5.18159
287.5 294.077 3.49161
292.5 294.134 2.89837
297.5 297.473 1.81353
