0.1 1.24747 1.15074
0.3 1.0279 0.96534
0.5 0.974501 0.918802
0.7 0.981065 0.919371
0.9 0.971548 0.900663
1.1 0.934207 0.855276
1.3 0.923649 0.839385
1.5 0.898744 0.802246
1.7 0.905289 0.800423
1.9 0.891812 0.799796
2.1 0.854112 0.771176
2.3 0.872455 0.745533
2.5 0.850576 0.713937
2.7 0.837913 0.752158
2.9 0.830322 0.697948
3.1 0.834197 0.741479
3.3 0.840422 0.710521
3.5 0.839101 0.763553
3.7 0.903465 0.786628
3.9 0.983324 0.783657
4.1 1.05227 0.77816
4.3 1.03119 0.856835
4.5 1.11218 0.812747
4.7 1.23869 0.73516
4.9 1.05158 0.628823
5.1 1.06644 0.451979
5.3 2.56951 0.0852981
5.5 6.53158 -0.0777252
5.7 6.53158 0.0886808
