0.1 1.1316 1.07797
0.3 1.02289 0.979719
0.5 0.993165 0.950411
0.7 0.987678 0.949262
0.9 0.972903 0.924244
1.1 0.964368 0.911926
1.3 0.980469 0.898972
1.5 0.944668 0.875145
1.7 0.959492 0.877355
1.9 0.949272 0.857296
2.1 0.925116 0.867388
2.3 0.953949 0.840267
2.5 0.923718 0.859444
2.7 0.914285 0.832014
2.9 0.920187 0.816095
3.1 0.906762 0.808187
3.3 0.907421 0.804628
3.5 0.938117 0.828309
3.7 1.04518 0.868208
3.9 0.995263 0.880703
4.1 1.07797 0.848326
4.3 1.13808 0.88809
4.5 1.1363 0.841239
4.7 1.29163 0.836128
4.9 0.946619 0.563897
5.1 1.30294 0.67458
5.3 6.87252 0.207331
5.5 3.3505 0.00548013
5.7 1.41193 0.00548013
