0.1 1.05855 1.01683
0.3 1.01578 0.962369
0.5 1.0114 0.956133
0.7 1.02196 0.960392
0.9 1.0256 0.964076
1.1 1.0007 0.954276
1.3 1.00145 0.935725
1.5 0.997713 0.94106
1.7 0.991887 0.944632
1.9 1.0039 0.925985
2.1 0.99342 0.927025
2.3 0.994168 0.935951
2.5 1.00531 0.907111
2.7 0.978316 0.912956
2.9 0.999991 0.901392
3.1 0.980649 0.902914
3.3 0.990244 0.903963
3.5 1.00149 0.890379
3.7 1.03786 0.934482
3.9 0.996428 0.885756
4.1 1.15347 0.82693
4.3 1.0546 0.898718
4.5 1.0757 0.858256
4.7 1.12187 0.792612
4.9 1.08853 0.619771
5.1 1.32556 0.480999
5.3 2.34162 0.552733
5.5 6.11013 -0.0962631
5.5 2.33804 -0.0962631
