2.5 0.309023 0.210908
7.5 0.477165 0.346508
12.5 0.587073 0.454595
17.5 0.660918 0.537213
22.5 0.705794 0.587095
27.5 0.749664 0.640079
32.5 0.772192 0.664865
37.5 0.79768 0.692853
42.5 0.812409 0.707346
47.5 0.831669 0.732141
52.5 0.833191 0.730604
57.5 0.844061 0.743573
62.5 0.849749 0.749071
67.5 0.858691 0.764809
72.5 0.862487 0.764108
77.5 0.86487 0.766996
82.5 0.871704 0.777459
87.5 0.876102 0.786232
92.5 0.878808 0.78347
97.5 0.881343 0.788535
102.5 0.861685 0.763017
107.5 0.872863 0.77882
112.5 0.883873 0.794897
117.5 0.898782 0.813355
122.5 0.899557 0.814796
127.5 0.915441 0.834897
132.5 0.912571 0.82922
137.5 0.91631 0.835087
142.5 0.920147 0.839841
147.5 0.929826 0.855272
152.5 0.931196 0.853967
157.5 0.941592 0.869368
162.5 0.939082 0.863361
167.5 0.951295 0.889614
172.5 0.940362 0.864479
177.5 0.95021 0.888724
182.5 0.960291 0.901019
187.5 0.96261 0.905878
192.5 0.956883 0.891961
197.5 0.955019 0.878032
