2.5 0.396274 0.284982
7.5 0.600268 0.460537
12.5 0.711053 0.584881
17.5 0.772022 0.661647
22.5 0.805156 0.70609
27.5 0.83799 0.750571
32.5 0.853715 0.769707
37.5 0.86913 0.790926
42.5 0.881583 0.810178
47.5 0.895456 0.825788
52.5 0.900308 0.830377
57.5 0.901296 0.830853
62.5 0.908199 0.839799
67.5 0.911723 0.843443
72.5 0.91574 0.851652
77.5 0.919692 0.855222
82.5 0.923524 0.861003
87.5 0.924914 0.861032
92.5 0.93253 0.874722
97.5 0.929925 0.870726
102.5 0.917183 0.849308
107.5 0.928164 0.867533
112.5 0.929254 0.868282
117.5 0.93824 0.881239
122.5 0.940146 0.884754
127.5 0.944256 0.891191
132.5 0.953575 0.909203
137.5 0.954097 0.905621
142.5 0.957631 0.913384
147.5 0.958505 0.911939
152.5 0.960195 0.914224
157.5 0.963729 0.917103
162.5 0.967625 0.932765
167.5 0.971942 0.936221
172.5 0.969149 0.927881
177.5 0.972966 0.940472
182.5 0.97711 0.943096
187.5 0.978727 0.950935
192.5 0.971962 0.928688
197.5 0.976296 0.938843
