2.5 0.438192 0.00493977
7.5 0.656544 0.00343932
12.5 0.761771 0.00318001
17.5 0.814325 0.0031083
22.5 0.845155 0.0030468
27.5 0.872379 0.00292446
32.5 0.881002 0.0030817
37.5 0.893999 0.00299958
42.5 0.9054 0.00302989
47.5 0.91099 0.00305207
52.5 0.916806 0.00300564
57.5 0.920547 0.00295403
62.5 0.923471 0.00299031
67.5 0.925107 0.0029535
72.5 0.931455 0.00273748
77.5 0.934422 0.00255173
82.5 0.934713 0.00259274
87.5 0.937997 0.00250996
92.5 0.942794 0.00233022
97.5 0.944874 0.00219409
102.5 0.93131 0.00211839
107.5 0.937201 0.00231782
112.5 0.941563 0.00238995
117.5 0.948337 0.00253222
122.5 0.949865 0.00284433
127.5 0.95291 0.00331062
132.5 0.957685 0.00313432
137.5 0.959937 0.00324983
142.5 0.961629 0.00307255
147.5 0.964712 0.00292544
152.5 0.962961 0.00422649
157.5 0.969569 0.00357416
162.5 0.968109 0.00339689
167.5 0.975408 0.00352431
172.5 0.966526 0.00507247
177.5 0.972316 0.00388317
182.5 0.977308 0.00480043
187.5 0.977318 0.00421465
192.5 0.973896 0.00469464
197.5 0.979797 0.00416483
