-1.25 -0.134632 0.0109786 -1.25 2.06702 0.0430175 0.613631 0.0234383
-0.9 0.104788 0.0153144 -0.9375 1.08794 0.0624174 0.189794 0.0260702
-0.7 1.765 0.0628516 -0.8125 2.66944 0.0977718 0.0429722 0.012405
-0.5 1.41552 0.0562861 -0.6875 1.04363 0.0611333 -0.0428775 0.0123913
-0.35 3.69017 0.128523 -0.5625 1.35526 0.069665 -0.136079 0.0220749
-0.25 3.70642 0.128806 -0.4375 1.51119 0.0735636 -0.153984 0.0234823
-0.15 5.53015 0.157336 -0.3125 3.36117 0.109711 -0.21128 0.0275063
0 7.85147 0.132562 -0.1875 4.18257 0.122384 -0.426141 0.0390643
0.15 5.64347 0.158939 0 6.82497 0.110545 -0.360033 0.0253898
0.25 3.54073 0.125894 0.1875 4.02572 0.120067 -0.379588 0.0368689
0.35 3.73742 0.129344 0.3125 3.23955 0.107707 -0.318179 0.0337551
0.5 0.486265 0.0329898 0.4375 1.82714 0.080889 -0.436885 0.0395537
0.7 0.690374 0.0393084 0.5625 1.07478 0.0620389 -0.200537 0.0267979
0.9 0.242899 0.0233161 0.6875 0.898933 0.0567371 -0.0334421 0.0109433
1.25 -0.214858 0.0138691 0.8125 1.22951 0.0663544 0.0189923 0.00824693
0 -nan -nan 0.9375 1.13436 0.063735 0.170425 0.0247042
0 -nan -nan 1.25 1.77202 0.0398298 0.564752 0.0224855
