-1.25 -0.217202 0.0194272 -1.25 2.39877 0.0645612 0.514335 0.0298951
-0.9 0.0217202 0.00971359 -0.9375 1.06903 0.0861991 0.173762 0.0347524
-0.7 2.68654 0.10803 -0.8125 4.20116 0.17088 0.132059 0.0302964
-0.5 1.20448 0.0723347 -0.6875 0.757602 0.0725651 0.0513074 0.0188841
-0.35 2.47611 0.146672 -0.5625 1.19678 0.091204 0.104257 0.0269191
-0.25 3.63162 0.177629 -0.4375 1.34144 0.0965591 0.0347524 0.0155417
-0.15 5.19548 0.212459 -0.3125 2.07124 0.119984 -0.104257 0.0269191
0 7.68977 0.18277 -0.1875 4.22589 0.171382 -0.215465 0.0386986
0.15 5.43875 0.217376 0 6.70374 0.152634 -0.28497 0.0314696
0.25 3.20591 0.166893 0.1875 3.9428 0.165543 -0.28497 0.0445048
0.35 2.38054 0.143814 0.3125 2.34926 0.127783 -0.0702324 0.0220941
0.5 0.694209 0.0549152 0.4375 1.93223 0.115888 -0.347524 0.0491473
0.7 0.699392 0.0551198 0.5625 1.03562 0.0848414 -0.111208 0.0278019
0.9 0.16073 0.0264238 0.6875 0.660295 0.0677449 -0.0278019 0.013901
1.25 -0.146348 0.0159467 0.8125 1.27194 0.0940243 0.0694506 0.0219708
0 -nan -nan 0.9375 1.05647 0.0856912 0.229366 0.0399275
0 -nan -nan 1.25 1.42628 0.0497829 0.529974 0.0303462
