-1.25 1.43794 0.050493 -1.25 3.02095 0.0731868 0.796099 0.0375702
-0.9 2.78369 0.111081 -0.9375 3.97872 0.167982 0.893617 0.0796097
-0.7 4.01452 0.133397 -0.8125 4.16312 0.17183 0.957447 0.0824039
-0.5 5.68262 0.15871 -0.6875 4.79219 0.184356 0.834359 0.0769249
-0.35 7.39094 0.255974 -0.5625 5.16312 0.191358 0.957447 0.0824039
-0.25 8.43085 0.273389 -0.4375 6.21986 0.21003 0.808511 0.075724
-0.15 11.1587 0.314522 -0.3125 7.53786 0.231214 0.787234 0.0747209
0 12.9654 0.239731 -0.1875 8.88652 0.251048 1.01418 0.0848104
0.15 10.7801 0.309142 0 11.3262 0.20041 0.929078 0.0573986
0.25 9.13121 0.284518 0.1875 8.91489 0.251448 1.07092 0.0871504
0.35 7.19858 0.252621 0.3125 6.94541 0.221942 1.06383 0.0868613
0.5 2.34815 0.102022 0.4375 6.04255 0.207014 1.04965 0.0862803
0.7 3.98131 0.132844 0.5625 5.04496 0.189156 0.93617 0.0814832
0.9 2.75247 0.110457 0.6875 4.62251 0.181063 0.950355 0.0820981
1.25 1.37411 0.0493596 0.8125 4.60993 0.180816 0.730496 0.071978
0 -nan -nan 0.9375 3.88652 0.166024 0.836879 0.077041
0 -nan -nan 1.25 3.03191 0.0733194 0.687943 0.034925
