0.1 1.19308 0.0106276
0.3 0.960709 0.0136869
0.5 0.826731 0.0139648
0.7 0.793252 0.0147461
0.9 0.783642 0.015166
1.1 0.707519 0.0139931
1.3 0.706467 0.0144182
1.5 0.677887 0.0143259
1.7 0.629169 0.0139168
1.9 0.589001 0.0138052
2.1 0.595709 0.0146172
2.3 0.583589 0.015599
2.5 0.584131 0.0170207
2.7 0.616634 0.0196365
2.9 0.57804 0.0208009
3.1 0.611776 0.0251441
3.3 0.642889 0.0298967
3.5 0.709697 0.038317
3.7 0.751729 0.0479623
3.9 0.719016 0.0566374
4.1 0.710364 0.0720333
4.3 0.838453 0.107636
4.5 0.668028 0.123155
4.7 1.09131 0.26345
4.9 1.09359 0.414395
5.1 0.210305 0.227155
5.3 0.630915 0.546389
