2.5 0.365337 0.00483525
7.5 0.562127 0.00368948
12.5 0.676378 0.00364129
17.5 0.742403 0.00367923
22.5 0.776874 0.00375467
27.5 0.812265 0.00376368
32.5 0.830365 0.00386779
37.5 0.844444 0.00396414
42.5 0.85814 0.00396689
47.5 0.875519 0.00381785
52.5 0.878555 0.00379574
57.5 0.876889 0.00409292
62.5 0.885206 0.00402147
67.5 0.890799 0.00392549
72.5 0.893625 0.00401198
77.5 0.898185 0.00373996
82.5 0.904336 0.00374191
87.5 0.903644 0.00369119
92.5 0.91378 0.00324806
97.5 0.906871 0.00384526
102.5 0.893692 0.00327797
107.5 0.909638 0.00325708
112.5 0.908337 0.0038366
117.5 0.918934 0.00382983
122.5 0.921308 0.00442429
127.5 0.925385 0.0050883
132.5 0.942004 0.00391282
137.5 0.938089 0.00498004
142.5 0.944935 0.00450346
147.5 0.942814 0.00547921
152.5 0.946054 0.00557303
157.5 0.946327 0.00854549
162.5 0.958912 0.0042444
167.5 0.959484 0.0063288
172.5 0.959035 0.00722626
177.5 0.96427 0.00481642
182.5 0.966555 0.00710107
187.5 0.971574 0.00507447
192.5 0.957468 0.00903052
197.5 0.962632 0.00907951
