17.5 20.4877 0.0106962
22.5 24.9806 0.0131481
27.5 31.6533 0.0155604
32.5 35.8392 0.0381905
37.5 38.3957 0.0173079
42.5 43.2673 0.0138811
47.5 47.7882 0.0123303
52.5 51.955 0.012
57.5 56.1051 0.0133101
62.5 60.5809 0.0158471
67.5 65.4041 0.0191141
72.5 70.5025 0.0232415
77.5 75.5966 0.0280785
82.5 80.7537 0.0333062
87.5 85.8677 0.040079
92.5 91.0294 0.0479889
97.5 96.2945 0.0562815
102.5 101.37 0.0665672
107.5 106.649 0.0774764
112.5 111.686 0.088421
117.5 116.834 0.102965
122.5 121.755 0.115514
127.5 127.124 0.137091
132.5 132.226 0.158887
137.5 137.384 0.173096
142.5 142.849 0.20793
147.5 147.809 0.227702
152.5 152.862 0.284431
157.5 157.985 0.271908
162.5 162.603 0.349484
167.5 168.08 0.334291
172.5 172.902 0.423442
177.5 178.784 0.430283
182.5 183.001 0.481715
187.5 188.312 0.573761
192.5 193.872 0.603595
197.5 198.172 0.697879
202.5 204.681 0.79802
207.5 209.548 0.70118
212.5 213.578 0.804828
217.5 217.015 1.32699
222.5 224.814 0.986599
227.5 226.796 2.00756
232.5 235.03 1.41356
237.5 240.552 1.67883
242.5 244.383 0.912511
247.5 251.783 1.76305
252.5 247.305 3.85227
257.5 260.211 1.32074
262.5 265.304 2.61153
267.5 271.843 2.88183
272.5 276.208 2.68128
277.5 275.617 4.00021
282.5 286.509 4.7113
287.5 295.222 2.80029
292.5 293.959 2.10073
297.5 296.347 3.64706
