-1.25 -0.116147 0.0146185 -1.25 2.97693 0.074009 0.569028 0.0323569
-0.9 0.234707 0.0328574 -0.9375 6.68794 0.221859 0.164459 0.0347904
-0.7 0.735971 0.0581836 -0.8125 1.35947 0.100027 0 0
-0.5 1.50033 0.0830736 -0.6875 1.54663 0.10669 -0.0515179 0.019472
-0.35 2.4379 0.149759 -0.5625 1.23011 0.0951486 -0.147194 0.0329136
-0.25 3.30928 0.174482 -0.4375 1.64296 0.109962 -0.198712 0.0382422
-0.15 5.20046 0.218729 -0.3125 2.3611 0.131822 -0.155904 0.0338734
0 9.0413 0.203932 -0.1875 4.91645 0.19022 -0.272309 0.0447673
0.15 5.87223 0.232427 0 6.2904 0.152144 -0.24655 0.0301209
0.25 3.24609 0.172809 0.1875 3.92137 0.169883 -0.245381 0.0424963
0.35 9.60243 0.297219 0.3125 2.45999 0.134554 -0.206072 0.0389439
0.5 0.795768 0.0605011 0.4375 2.73767 0.141945 -0.206072 0.0389439
0.7 1.07611 0.0703555 0.5625 1.60277 0.108609 -0.0441582 0.0180275
0.9 1.03932 0.0691424 0.6875 1.22907 0.0951084 0.25023 0.0429141
1.25 -0.148392 0.0165236 0.8125 1.00092 0.0858282 0.169273 0.0352959
0 -nan -nan 0.9375 3.02174 0.149128 0.279669 0.0453683
0 -nan -nan 1.25 1.48672 0.0523016 0.483829 0.0298364
