2.5 0.591364 0.00456222
7.5 0.830745 0.00203703
12.5 0.898868 0.00136868
17.5 0.92595 0.00110444
22.5 0.94094 0.000940657
27.5 0.950409 0.000842018
32.5 0.956744 0.000771067
37.5 0.962206 0.000715625
42.5 0.965057 0.000698956
47.5 0.96786 0.00068902
52.5 0.970691 0.000640495
57.5 0.97317 0.000582029
62.5 0.973348 0.000608681
67.5 0.9743 0.000572439
72.5 0.975473 0.000568376
77.5 0.977006 0.000527537
82.5 0.977125 0.000516688
87.5 0.978247 0.000524319
92.5 0.97906 0.000470631
97.5 0.980161 0.000454404
102.5 0.979876 0.000362231
107.5 0.981351 0.00040183
112.5 0.98276 0.000414593
117.5 0.983752 0.000420099
122.5 0.984983 0.00045589
127.5 0.984587 0.000551534
132.5 0.986084 0.00054037
137.5 0.987138 0.000594269
142.5 0.987665 0.00059421
147.5 0.987973 0.000620185
152.5 0.987164 0.000746885
157.5 0.989369 0.000785864
162.5 0.989102 0.000779796
167.5 0.990719 0.00076834
172.5 0.991085 0.000947168
177.5 0.990868 0.000871059
182.5 0.991416 0.00093871
187.5 0.990098 0.00122271
192.5 0.99112 0.000903065
197.5 0.991416 0.00123554
