0.1 1.20691 0.0110843
0.3 0.964575 0.0140884
0.5 0.816075 0.0145652
0.7 0.756531 0.014679
0.9 0.74207 0.0149861
1.1 0.71753 0.015075
1.3 0.668687 0.0143719
1.5 0.635262 0.0141283
1.7 0.60452 0.0141691
1.9 0.57022 0.0140941
2.1 0.564017 0.0149033
2.3 0.542336 0.0153543
2.5 0.547711 0.0169723
2.7 0.537033 0.0185343
2.9 0.547272 0.0210768
3.1 0.593583 0.0257921
3.3 0.636587 0.0317004
3.5 0.615476 0.0355759
3.7 0.63774 0.0431171
3.9 0.630122 0.0556633
4.1 0.831676 0.0843887
4.3 0.648026 0.0915269
4.5 0.743982 0.138453
4.7 0.710165 0.205007
4.9 0.387363 0.178406
5.1 0.608713 0.420052
5.3 0.355083 0.396994
