-0.9 1.26252 0.43379
-0.7 1.1667 0.232159
-0.5 1.38651 0.175746
-0.3 1.30324 0.112792
-0.1 0.981839 0.0513633
0.1 0.797255 0.0115938
0.3 1.06108 0.0163247
0.5 1.10564 0.0172479
0.7 1.0687 0.0173448
0.9 0.954437 0.0166745
1.1 0.863847 0.0160529
1.3 0.775472 0.0151304
1.5 0.720538 0.0147192
1.7 0.672166 0.0144586
1.9 0.638722 0.0144232
2.1 0.597685 0.0141806
2.3 0.575583 0.0145668
2.5 0.571213 0.0157088
2.7 0.561917 0.0169324
2.9 0.591658 0.0191443
3.1 0.573209 0.0217932
3.3 0.646179 0.0272521
3.5 0.678136 0.0332651
3.7 0.700184 0.0400642
3.9 0.660666 0.0442231
4.1 0.826558 0.0664181
4.3 0.791567 0.0831891
4.5 0.854334 0.120878
4.7 0.710165 0.177541
4.9 0.557987 0.198555
5.1 1.29121 0.56417
5.3 0.946887 0.864385
5.5 1.42033 1.42033
