0.02 0 0
0.06 0 0
0.1 0 0
0.14 0 0
0.18 0 0
0.22 0 0
0.26 0 0
0.3 0 0
0.34 0 0
0.38 0 0
0.42 0 0
0.46 0 0
0.5 0 0
0.54 0 0
0.58 0 0
0.62 0 0
0.66 0 0
0.7 0 0
0.74 0.00715717 0.00253044
0.78 0.196822 0.0132698
0.82 0.517106 0.0215088
0.86 0.80876 0.026899
0.9 1.07805 0.031056
0.94 1.35271 0.0347878
0.98 1.60589 0.0379039
1.02 1.76424 0.0397287
1.06 1.75709 0.0396481
1.1 1.65062 0.0384282
1.14 1.6551 0.0384802
1.18 1.51911 0.0368655
1.22 1.54058 0.0371251
1.26 1.34555 0.0346957
1.3 1.15409 0.0321326
1.34 1.15588 0.0321575
1.38 0.96085 0.0293193
1.42 0.818601 0.0270621
1.46 0.701403 0.0250501
1.5 0.640567 0.0239391
1.54 0.453586 0.0201445
1.58 0.362332 0.0180044
1.62 0.336387 0.0173478
1.66 0.251396 0.014997
1.7 0.167299 0.0122341
1.74 0.141354 0.0112455
1.78 0.116304 0.0102005
1.82 0.114515 0.0101218
1.86 0.0679931 0.00779935
1.9 0.058152 0.00721287
1.94 0.0742557 0.00815062
1.98 0.626253 0.0236701
