0.02 0 0
0.06 0 0
0.1 0 0
0.14 0 0
0.18 0 0
0.22 0 0
0.26 0 0
0.3 0 0
0.34 0 0
0.38 0 0
0.42 0 0
0.46 0 0
0.5 0 0
0.54 0 0
0.58 0 0
0.62 0.121559 0.0103105
0.66 0.341939 0.0172926
0.7 0.710113 0.0249201
0.74 1.06167 0.0304706
0.78 1.36163 0.0345077
0.82 1.59863 0.0373903
0.86 1.68433 0.0383795
0.9 1.80764 0.0397596
0.94 1.91608 0.0409348
0.98 1.93445 0.0411305
1.02 1.833 0.0400375
1.06 1.64061 0.0378781
1.1 1.5138 0.0363848
1.14 1.39137 0.0348824
1.18 1.16399 0.0319051
1.22 0.917375 0.0283243
1.26 0.683003 0.0244398
1.3 0.52209 0.0213677
1.34 0.349809 0.0174905
1.38 0.290342 0.0159346
1.42 0.184524 0.0127032
1.46 0.160912 0.0118626
1.5 0.166159 0.0120545
1.54 0.147794 0.0113688
1.58 0.165285 0.0120227
1.62 0.188023 0.012823
1.66 0.162661 0.0119269
1.7 0.143422 0.0111994
1.74 0.144296 0.0112335
1.78 0.129429 0.010639
1.82 0.0996957 0.00933735
1.86 0.0804562 0.00838813
1.9 0.0769581 0.00820376
1.94 0.0699619 0.00782197
1.98 0.236996 0.0143965
