0.02 0 0
0.06 0 0
0.1 0 0
0.14 0 0
0.18 0 0
0.22 0 0
0.26 0.00123335 0.00123335
0.3 0 0
0.34 0.00123335 0.00123335
0.38 0.0049334 0.0024667
0.42 0.0024667 0.00174422
0.46 0 0
0.5 0.00616675 0.00275785
0.54 0.0074001 0.00302108
0.58 0.0234336 0.00537605
0.62 0.0382338 0.006867
0.66 0.108535 0.0115698
0.7 0.203503 0.0158427
0.74 0.374938 0.0215042
0.78 0.746177 0.0303364
0.82 1.20128 0.0384916
0.86 1.89073 0.04829
0.9 2.46053 0.0550881
0.94 3.09817 0.0618153
0.98 3.41885 0.0649356
1.02 3.36704 0.0644418
1.06 2.92427 0.0600554
1.1 2.20893 0.0521956
1.14 1.40479 0.0416244
1.18 0.796744 0.0313475
1.22 0.381105 0.0216803
1.26 0.209669 0.0160809
1.3 0.0764677 0.00971141
1.34 0.0259003 0.00565192
1.38 0.0098668 0.00348844
1.42 0 0
1.46 0.0024667 0.00174422
1.5 0 0
1.54 0 0
1.58 0 0
1.62 0.00123335 0.00123335
1.66 0.00123335 0.00123335
1.7 0 0
1.74 0 0
1.78 0.0024667 0.00174422
1.82 0 0
1.86 0 0
1.9 0 0
1.94 0 0
1.98 0 0
