0.02 0 0
0.06 0 0
0.1 0 0
0.14 0 0
0.18 0 0
0.22 0 0
0.26 0 0
0.3 0 0
0.34 0 0
0.38 0 0
0.42 0 0
0.46 0.00443656 0.00443656
0.5 0.00887311 0.00627424
0.54 0 0
0.58 0.0177462 0.00887311
0.62 0.0354925 0.0125485
0.66 0.0443656 0.0140296
0.7 0.0887311 0.0198409
0.74 0.292813 0.0360428
0.78 0.616681 0.0523062
0.82 1.07808 0.0691591
0.86 1.86335 0.0909224
0.9 2.90594 0.113545
0.94 3.65129 0.127276
0.98 4.14818 0.13566
1.02 3.93523 0.132132
1.06 3.1677 0.118548
1.1 1.81012 0.0896141
1.14 0.820763 0.0603437
1.18 0.350488 0.039433
1.22 0.110914 0.0221828
1.26 0.0443656 0.0140296
1.3 0.00443656 0.00443656
1.34 0 0
1.38 0 0
1.42 0 0
1.46 0 0
1.5 0 0
1.54 0 0
1.58 0 0
1.62 0 0
1.66 0 0
1.7 0 0
1.74 0 0
1.78 0 0
1.82 0 0
1.86 0 0
1.9 0 0
1.94 0 0
1.98 0 0
