0.02 0 0
0.06 0 0
0.1 0 0
0.14 0 0
0.18 0 0
0.22 0 0
0.26 0 0
0.3 0 0
0.34 0 0
0.38 0 0
0.42 0.00234126 0.00234126
0.46 0.00702379 0.00405519
0.5 0 0
0.54 0.00702379 0.00405519
0.58 0.0163888 0.0061944
0.62 0.0257539 0.00776509
0.66 0.0632141 0.0121656
0.7 0.168571 0.0198663
0.74 0.337142 0.0280951
0.78 0.66726 0.0395251
0.82 1.07464 0.0501599
0.86 1.92686 0.0671661
0.9 2.71586 0.0797405
0.94 3.50253 0.0905557
0.98 3.78114 0.0940885
1.02 3.82562 0.0946403
1.06 2.91487 0.0826104
1.1 1.93154 0.0672476
1.14 1.12615 0.0513479
1.18 0.559562 0.036195
1.22 0.22242 0.0228198
1.26 0.098333 0.0151731
1.3 0.0163888 0.0061944
1.34 0.00936505 0.00468252
1.38 0 0
1.42 0 0
1.46 0 0
1.5 0 0
1.54 0 0
1.58 0 0
1.62 0 0
1.66 0 0
1.7 0 0
1.74 0 0
1.78 0 0
1.82 0 0
1.86 0 0
1.9 0 0
1.94 0 0
1.98 0 0
