0.02 0 0
0.06 0 0
0.1 0 0
0.14 0 0
0.18 0 0
0.22 0 0
0.26 0 0
0.3 0 0
0.34 0 0
0.38 0 0
0.42 0 0
0.46 0 0
0.5 0 0
0.54 0.023977 0.0138431
0.58 0 0
0.62 0.0159847 0.0113029
0.66 0.0719309 0.023977
0.7 0.0799233 0.025274
0.74 0.255754 0.0452114
0.78 0.415601 0.0576335
0.82 0.983056 0.0886392
0.86 1.81426 0.120417
0.9 2.97315 0.15415
0.94 3.84431 0.175285
0.98 4.56362 0.190982
1.02 4.25991 0.184517
1.06 3.04508 0.156004
1.1 1.81426 0.120417
1.14 0.519501 0.0644362
1.18 0.223785 0.0422914
1.22 0.0639386 0.0226057
1.26 0.023977 0.0138431
1.3 0.00799233 0.00799233
1.34 0 0
1.38 0 0
1.42 0 0
1.46 0 0
1.5 0 0
1.54 0 0
1.58 0 0
1.62 0 0
1.66 0 0
1.7 0 0
1.74 0 0
1.78 0 0
1.82 0 0
1.86 0 0
1.9 0 0
1.94 0 0
1.98 0 0
