0.02 0 0
0.06 0 0
0.1 0 0
0.14 0 0
0.18 0 0
0.22 0 0
0.26 0 0
0.3 0 0
0.34 0 0
0.38 0 0
0.42 0 0
0.46 0 0
0.5 0.0213675 0.0151091
0.54 0 0
0.58 0 0
0.62 0.0213675 0.0151091
0.66 0.0213675 0.0151091
0.7 0.117521 0.035434
0.74 0.192308 0.0453274
0.78 0.309829 0.0575338
0.82 0.790598 0.0919052
0.86 1.86966 0.141333
0.9 2.84188 0.174247
0.94 3.77137 0.20073
0.98 4.77564 0.22588
1.02 4.59402 0.221543
1.06 3.04487 0.180363
1.1 1.78419 0.138065
1.14 0.598291 0.0799499
1.18 0.213675 0.0477792
1.22 0.0213675 0.0151091
1.26 0 0
1.3 0.0106838 0.0106838
1.34 0 0
1.38 0 0
1.42 0 0
1.46 0 0
1.5 0 0
1.54 0 0
1.58 0 0
1.62 0 0
1.66 0 0
1.7 0 0
1.74 0 0
1.78 0 0
1.82 0 0
1.86 0 0
1.9 0 0
1.94 0 0
1.98 0 0
