0.02 0 0
0.06 0 0
0.1 0 0
0.14 0 0
0.18 0 0
0.22 0 0
0.26 0 0
0.3 0 0
0.34 0 0
0.38 0 0
0.42 0 0
0.46 0 0
0.5 0 0
0.54 0.0289352 0.0204603
0.58 0 0
0.62 0.0144676 0.0144676
0.66 0.0289352 0.0204603
0.7 0.130208 0.0434028
0.74 0.188079 0.0521636
0.78 0.390625 0.0751758
0.82 0.636574 0.0959672
0.86 1.53356 0.148953
0.9 2.70544 0.197841
0.94 4.34028 0.250586
0.98 5.12153 0.272206
1.02 4.49942 0.255139
1.06 3.15394 0.213611
1.1 1.47569 0.146116
1.14 0.535301 0.0880029
1.18 0.202546 0.0541328
1.22 0 0
1.26 0 0
1.3 0.0144676 0.0144676
1.34 0 0
1.38 0 0
1.42 0 0
1.46 0 0
1.5 0 0
1.54 0 0
1.58 0 0
1.62 0 0
1.66 0 0
1.7 0 0
1.74 0 0
1.78 0 0
1.82 0 0
1.86 0 0
1.9 0 0
1.94 0 0
1.98 0 0
