0.02 0 0
0.06 0 0
0.1 0 0
0.14 0 0
0.18 0 0
0.22 0 0
0.26 0 0
0.3 0 0
0.34 0 0
0.38 0 0
0.42 0 0
0.46 0.00321502 0.00321502
0.5 0 0
0.54 0.0128601 0.00643004
0.58 0.00643004 0.00454673
0.62 0.0257202 0.00909345
0.66 0.0707305 0.0150798
0.7 0.118956 0.0195562
0.74 0.363297 0.0341761
0.78 0.562629 0.0425307
0.82 1.22814 0.062837
0.86 1.82613 0.0766228
0.9 2.69419 0.0930692
0.94 3.67477 0.108694
0.98 3.9159 0.112204
1.02 3.8741 0.111603
1.06 3.04141 0.0988848
1.1 1.87757 0.0776945
1.14 1.02881 0.057512
1.18 0.437243 0.0374933
1.22 0.163966 0.0229598
1.26 0.0450103 0.0120295
1.3 0.0160751 0.007189
1.34 0.00643004 0.00454673
1.38 0.00643004 0.00454673
1.42 0 0
1.46 0 0
1.5 0 0
1.54 0 0
1.58 0 0
1.62 0 0
1.66 0 0
1.7 0 0
1.74 0 0
1.78 0 0
1.82 0 0
1.86 0 0
1.9 0 0
1.94 0 0
1.98 0 0
