0.02 0 0
0.06 0 0
0.1 0 0
0.14 0 0
0.18 0 0
0.22 0 0
0.26 0 0
0.3 0 0
0.34 0 0
0.38 0 0
0.42 0 0
0.46 0 0
0.5 0 0
0.54 0 0
0.58 0.0377644 0.0377644
0.62 0.0377644 0.0377644
0.66 0 0
0.7 0.0377644 0.0377644
0.74 0 0
0.78 0.26435 0.0999151
0.82 0.490937 0.136161
0.86 2.15257 0.285115
0.9 3.02115 0.337775
0.94 4.8716 0.428921
0.98 4.94713 0.432233
1.02 4.8716 0.428921
1.06 2.98338 0.335657
1.1 1.0574 0.19983
1.14 0.226586 0.0925034
1.18 0 0
1.22 0 0
1.26 0 0
1.3 0 0
1.34 0 0
1.38 0 0
1.42 0 0
1.46 0 0
1.5 0 0
1.54 0 0
1.58 0 0
1.62 0 0
1.66 0 0
1.7 0 0
1.74 0 0
1.78 0 0
1.82 0 0
1.86 0 0
1.9 0 0
1.94 0 0
1.98 0 0
