0.02 0 0
0.06 0 0
0.1 0 0
0.14 0 0
0.18 0 0
0.22 0 0
0.26 0 0
0.3 0 0
0.34 0 0
0.38 0 0
0.42 0 0
0.46 0 0
0.5 0.0825083 0.0825083
0.54 0 0
0.58 0 0
0.62 0 0
0.66 0 0
0.7 0 0
0.74 0 0
0.78 0.412541 0.184494
0.82 0.49505 0.202103
0.86 1.40264 0.34019
0.9 2.14521 0.420711
0.94 4.53795 0.611898
0.98 6.0231 0.704951
1.02 6.18812 0.714542
1.06 3.21782 0.515264
1.1 0.330033 0.165017
1.14 0.165017 0.116684
1.18 0 0
1.22 0 0
1.26 0 0
1.3 0 0
1.34 0 0
1.38 0 0
1.42 0 0
1.46 0 0
1.5 0 0
1.54 0 0
1.58 0 0
1.62 0 0
1.66 0 0
1.7 0 0
1.74 0 0
1.78 0 0
1.82 0 0
1.86 0 0
1.9 0 0
1.94 0 0
1.98 0 0
