0.02 0 0
0.06 0 0
0.1 0 0
0.14 0 0
0.18 0 0
0.22 0 0
0.26 0 0
0.3 0 0
0.34 0 0
0.38 0 0
0.42 0 0
0.46 0 0
0.5 0.0235183 0.0235183
0.54 0 0
0.58 0 0
0.62 0.0235183 0.0235183
0.66 0.0235183 0.0235183
0.7 0.070555 0.040735
0.74 0.188147 0.0665199
0.78 0.493885 0.107775
0.82 0.70555 0.128815
0.86 1.29351 0.174417
0.9 2.42239 0.238685
0.94 4.56256 0.327573
0.98 5.17404 0.348833
1.02 4.68015 0.331767
1.06 3.31609 0.279265
1.1 1.48166 0.186671
1.14 0.352775 0.0910862
1.18 0.188147 0.0665199
1.22 0 0
1.26 0 0
1.3 0 0
1.34 0 0
1.38 0 0
1.42 0 0
1.46 0 0
1.5 0 0
1.54 0 0
1.58 0 0
1.62 0 0
1.66 0 0
1.7 0 0
1.74 0 0
1.78 0 0
1.82 0 0
1.86 0 0
1.9 0 0
1.94 0 0
1.98 0 0
