0.02 0 0
0.06 0 0
0.1 0 0
0.14 0 0
0.18 0 0
0.22 0 0
0.26 0 0
0.3 0 0
0.34 0 0
0.38 0 0
0.42 0 0
0.46 0 0
0.5 0.00894518 0.00282872
0.54 0.164591 0.0121338
0.58 0.398955 0.0188911
0.62 0.697724 0.0249825
0.66 0.885573 0.0281454
0.7 1.24785 0.03341
0.74 1.46612 0.0362142
0.78 1.71211 0.0391345
0.82 1.92232 0.0414675
0.86 2.04397 0.0427595
0.9 2.05471 0.0428716
0.94 1.99925 0.0422891
0.98 1.87312 0.0409334
1.02 1.5019 0.0366534
1.06 1.04569 0.0305842
1.1 0.690568 0.0248541
1.14 0.45531 0.0201813
1.18 0.288929 0.0160765
1.22 0.312187 0.016711
1.26 0.404322 0.0190177
1.3 0.471411 0.020535
1.34 0.461571 0.0203196
1.38 0.503614 0.0212248
1.42 0.466939 0.0204373
1.46 0.398955 0.0188911
1.5 0.357807 0.0178904
1.54 0.267461 0.0154677
1.58 0.232575 0.0144237
1.62 0.186954 0.0129319
1.66 0.127022 0.0106594
1.7 0.0867683 0.00880998
1.74 0.0652998 0.00764277
1.78 0.046515 0.00645046
1.82 0.0474095 0.00651219
1.86 0.0366753 0.00572771
1.9 0.0196794 0.00419566
1.94 0.0187849 0.0040992
1.98 0.0304136 0.00521589
