0.02 0 0
0.06 0 0
0.1 0 0
0.14 0 0
0.18 0 0
0.22 0 0
0.26 0 0
0.3 0 0
0.34 0 0
0.38 0 0
0.42 0 0
0.46 0 0
0.5 0 0
0.54 0.0458716 0.0458716
0.58 0 0
0.62 0 0
0.66 0.0458716 0.0458716
0.7 0.0458716 0.0458716
0.74 0.137615 0.0794519
0.78 0.550459 0.158904
0.82 0.688073 0.17766
0.86 1.69725 0.279026
0.9 3.66972 0.410288
0.94 3.99083 0.427861
0.98 5.73394 0.51286
1.02 4.44954 0.451782
1.06 2.79817 0.358268
1.1 0.963303 0.21021
1.14 0.137615 0.0794519
1.18 0.0458716 0.0458716
1.22 0 0
1.26 0 0
1.3 0 0
1.34 0 0
1.38 0 0
1.42 0 0
1.46 0 0
1.5 0 0
1.54 0 0
1.58 0 0
1.62 0 0
1.66 0 0
1.7 0 0
1.74 0 0
1.78 0 0
1.82 0 0
1.86 0 0
1.9 0 0
1.94 0 0
1.98 0 0
