0.02 0 0
0.06 0 0
0.1 0 0
0.14 0 0
0.18 0 0
0.22 0 0
0.26 0 0
0.3 0 0
0.34 0 0
0.38 0 0
0.42 0.00256586 0.0014814
0.46 0.0607253 0.00720677
0.5 0.206979 0.0133051
0.54 0.327574 0.0167383
0.58 0.484092 0.0203479
0.62 0.79456 0.0260687
0.66 1.16233 0.0315298
0.7 1.46425 0.0353886
0.74 1.74478 0.0386301
0.78 2.09288 0.0423086
0.82 2.30157 0.0443678
0.86 2.16729 0.0430541
0.9 1.45142 0.0352332
0.94 0.85272 0.0270059
0.98 0.481526 0.0202939
1.02 0.419945 0.0189519
1.06 0.616661 0.0229657
1.1 0.844167 0.0268701
1.14 0.993842 0.0291551
1.18 1.09134 0.0305518
1.22 1.03746 0.029788
1.26 0.965618 0.0287381
1.3 0.765481 0.0255872
1.34 0.633767 0.023282
1.38 0.531132 0.0213136
1.42 0.424222 0.0190481
1.46 0.307048 0.0162054
1.5 0.218098 0.0136578
1.54 0.16336 0.0118203
1.58 0.123161 0.0102634
1.62 0.0812521 0.00833629
1.66 0.0581594 0.00705287
1.7 0.0427643 0.00604778
1.74 0.0282244 0.00491324
1.78 0.0171057 0.00382495
1.82 0.0162504 0.0037281
1.86 0.00684229 0.00241911
1.9 0.00769757 0.00256586
1.94 0.00427643 0.00191248
1.98 0.00684229 0.00241911
