0.02 0 0
0.06 0 0
0.1 0 0
0.14 0 0
0.18 0 0
0.22 0 0
0.26 0 0
0.3 0 0
0.34 0 0
0.38 0.00448752 0.00183202
0.42 0.0344044 0.00507265
0.46 0.0957339 0.00846176
0.5 0.170526 0.0112934
0.54 0.348531 0.0161454
0.58 0.578891 0.0208078
0.62 0.896757 0.0258979
0.66 1.30138 0.0311982
0.7 1.73966 0.0360712
0.74 2.05903 0.0392427
0.78 1.54894 0.0340366
0.82 0.858613 0.0253412
0.86 0.376204 0.0167741
0.9 0.451744 0.0183812
0.94 0.809998 0.0246133
0.98 1.26324 0.0307376
1.02 1.6903 0.0355557
1.06 1.74864 0.0361641
1.1 1.75986 0.0362799
1.14 1.54969 0.0340448
1.18 1.34177 0.0316787
1.22 1.14357 0.0292455
1.26 0.952103 0.0266852
1.3 0.69781 0.0228453
1.34 0.479417 0.0189358
1.38 0.337312 0.0158834
1.42 0.245318 0.0135454
1.46 0.169778 0.0112686
1.5 0.122659 0.00957806
1.54 0.0762879 0.00755363
1.58 0.0508586 0.00616751
1.62 0.0344044 0.00507265
1.66 0.0254293 0.00436109
1.7 0.0164543 0.00350806
1.74 0.00448752 0.00183202
1.78 0.00448752 0.00183202
1.82 0.00299168 0.00149584
1.86 0.00299168 0.00149584
1.9 0.00149584 0.00105772
1.94 0.000747921 0.000747921
1.98 0.00299168 0.00149584
