0.02 0 0
0.06 0 0
0.1 0 0
0.14 0 0
0.18 0 0
0.22 0 0
0.26 0 0
0.3 0 0
0.34 0.00758973 0.00210501
0.38 0.0110927 0.00254484
0.42 0.0350295 0.00452229
0.46 0.0840709 0.00700591
0.5 0.149459 0.00934121
0.54 0.315266 0.0135669
0.58 0.577987 0.0183696
0.62 0.931786 0.0233238
0.66 1.2815 0.0273527
0.7 0.994839 0.0241001
0.74 0.429112 0.015828
0.78 0.287242 0.0129499
0.82 0.48224 0.0167793
0.86 1.02169 0.0244232
0.9 1.5594 0.0301731
0.94 1.98034 0.0340025
0.98 2.15081 0.0354359
1.02 2.25473 0.0362818
1.06 2.17417 0.0356277
1.1 1.97333 0.0339423
1.14 1.64113 0.0309538
1.18 1.31361 0.0276933
1.22 1.04446 0.0246938
1.26 0.796922 0.02157
1.3 0.544709 0.017833
1.34 0.362556 0.0145489
1.38 0.220102 0.0113358
1.42 0.147124 0.00926795
1.46 0.0992504 0.00761216
1.5 0.053712 0.00559986
1.54 0.0321104 0.00432977
1.58 0.0186824 0.00330262
1.62 0.00934121 0.0023353
1.66 0.00642208 0.00193633
1.7 0.00116765 0.000825654
1.74 0.00291913 0.00130547
1.78 0.00116765 0.000825654
1.82 0.000583826 0.000583826
1.86 0.000583826 0.000583826
1.9 0 0
1.94 0 0
1.98 0.00175148 0.00101122
