0.02 0 0
0.06 0 0
0.1 0 0
0.14 0 0
0.18 0 0
0.22 0 0
0.26 0 0
0.3 0.000478551 0.000478551
0.34 0.00143565 0.000828875
0.38 0.00478551 0.00151331
0.42 0.0100496 0.002193
0.46 0.0311058 0.0038582
0.5 0.0521621 0.00499622
0.54 0.0445053 0.00461498
0.58 0.0344557 0.00406064
0.62 0.0569476 0.00522038
0.66 0.124902 0.00773123
0.7 0.246932 0.0108706
0.74 0.44936 0.0146643
0.78 0.777167 0.0192851
0.82 1.22748 0.0242366
0.86 1.67493 0.0283115
0.9 2.1798 0.0322978
0.94 2.65309 0.035632
0.98 2.92299 0.0374006
1.02 2.96893 0.0376933
1.06 2.67702 0.0357923
1.1 2.26163 0.0328984
1.14 1.6644 0.0282224
1.18 1.23131 0.0242744
1.22 0.760897 0.0190821
1.26 0.433089 0.0143964
1.3 0.248847 0.0109126
1.34 0.133994 0.0080077
1.38 0.0684328 0.00572264
1.42 0.0267989 0.00358115
1.46 0.0200992 0.00310137
1.5 0.00622117 0.00172544
1.54 0.00382841 0.00135355
1.58 0.000957103 0.000676774
1.62 0.000478551 0.000478551
1.66 0 0
1.7 0.000478551 0.000478551
1.74 0 0
1.78 0 0
1.82 0 0
1.86 0 0
1.9 0 0
1.94 0 0
1.98 0 0
