2.5 0.178315 0.00373782
7.5 0.287581 0.00321433
12.5 0.416912 0.00351873
17.5 0.529111 0.00362275
22.5 0.622431 0.00332563
27.5 0.696173 0.00299332
32.5 0.742212 0.00280673
37.5 0.77891 0.00250694
42.5 0.804226 0.00234346
47.5 0.820519 0.00225748
52.5 0.840556 0.00203578
57.5 0.855317 0.00196153
62.5 0.860965 0.0019283
67.5 0.869405 0.0018329
72.5 0.878344 0.00175577
77.5 0.889289 0.00159059
82.5 0.894697 0.00159162
87.5 0.901523 0.00147438
92.5 0.909099 0.00137698
97.5 0.917344 0.0012738
102.5 0.924907 0.00090792
107.5 0.928304 0.000982739
112.5 0.932012 0.00104983
117.5 0.939594 0.00106637
122.5 0.939671 0.0012385
127.5 0.943001 0.00135121
132.5 0.946369 0.00139936
137.5 0.947757 0.00153661
142.5 0.948825 0.00183345
147.5 0.950979 0.001761
152.5 0.94819 0.00193643
157.5 0.955864 0.00214915
162.5 0.957629 0.00211132
167.5 0.959852 0.0024076
172.5 0.958996 0.00240054
177.5 0.960235 0.00235745
182.5 0.964231 0.00326609
187.5 0.961514 0.00276231
192.5 0.962604 0.00271801
197.5 0.966432 0.00339016
