-1.25 57.848 0.376543 -1.25 57.4632 0.375288 66.0245 0.402275
-0.9 58.3395 0.59789 -0.9375 57.6471 0.751776 65.9804 0.80428
-0.7 57.5 0.593573 -0.8125 57.6471 0.751776 66.9804 0.810352
-0.5 57.0282 0.591132 -0.6875 57.2549 0.749215 67.098 0.811063
-0.35 56.3848 0.831258 -0.5625 56.7549 0.745936 66.8627 0.80964
-0.25 58.9951 0.850282 -0.4375 57.3039 0.749535 65.5098 0.801407
-0.15 59.4975 0.853895 -0.3125 58.7941 0.759219 66.1373 0.805236
0 60.4412 0.608564 -0.1875 59.8137 0.765774 65.451 0.801047
0.15 59.5221 0.854071 0 60.5588 0.544846 66.5098 0.570989
0.25 58.223 0.8447 0.1875 58.3039 0.756047 66.9902 0.810411
0.35 57.1691 0.83702 0.3125 57.5686 0.751264 66.2843 0.80613
0.5 28.174 0.415494 0.4375 56.7941 0.746194 66.2647 0.806011
0.7 57.5245 0.593699 0.5625 57.1373 0.748444 65.4902 0.801287
0.9 57.2978 0.592528 0.6875 57.2549 0.749215 67.3431 0.812543
1.25 56.9534 0.37362 0.8125 57.7059 0.75216 67.5686 0.813903
0 -nan -nan 0.9375 55.8824 0.74018 67.2745 0.812129
0 -nan -nan 1.25 57.5196 0.375472 65.8578 0.401766
