-1.25 57.9632 0.376917 -1.25 57.6225 0.375808 66.3015 0.403117
-0.9 57.9902 0.596097 -0.9375 57.3039 0.749535 65.6373 0.802186
-0.7 57.3836 0.592971 -0.8125 56.4902 0.744194 66.9412 0.810115
-0.5 58.2169 0.597261 -0.6875 57.8039 0.752798 65.2647 0.799906
-0.35 57.3652 0.838454 -0.5625 57.0098 0.747609 67.0098 0.81053
-0.25 58.5539 0.847097 -0.4375 56.3824 0.743484 66.3627 0.806607
-0.15 60.6495 0.862122 -0.3125 57.8431 0.753054 66.3725 0.806667
0 59.8652 0.605658 -0.1875 60.2647 0.768655 65.7647 0.802965
0.15 60.7108 0.862557 0 60.6127 0.545088 66.6324 0.571515
0.25 58.3211 0.845411 0.1875 59.7451 0.765334 64.0784 0.792603
0.35 57.7083 0.840958 0.3125 59.4118 0.763196 67.6275 0.814257
0.5 28.8051 0.420122 0.4375 57.3235 0.749664 66.6569 0.808393
0.7 57.6103 0.594142 0.5625 58.5098 0.757381 66.7059 0.80869
0.9 58.3946 0.598172 0.6875 58.4314 0.756873 65.9412 0.804041
1.25 56.5172 0.372186 0.8125 58.598 0.757952 64.8725 0.797499
0 -nan -nan 0.9375 58.3235 0.756174 68.2255 0.817849
0 -nan -nan 1.25 57.6814 0.376 66.4632 0.403609
