2.5 0.616798 0.00470776
7.5 0.841416 0.00238453
12.5 0.90533 0.00188239
17.5 0.932059 0.00165153
22.5 0.945855 0.00150647
27.5 0.955207 0.00136402
32.5 0.961298 0.00129833
37.5 0.966094 0.00120937
42.5 0.968635 0.00119863
47.5 0.971208 0.00119828
52.5 0.973433 0.00110432
57.5 0.975942 0.000932687
62.5 0.97525 0.00113523
67.5 0.976874 0.000940971
72.5 0.977076 0.00106437
77.5 0.97947 0.000800246
82.5 0.97869 0.000821284
87.5 0.978761 0.000921707
92.5 0.980061 0.000853672
97.5 0.98082 0.00074196
102.5 0.978003 0.000684163
107.5 0.979904 0.000785993
112.5 0.981647 0.0007588
117.5 0.983221 0.000731954
122.5 0.985114 0.000765825
127.5 0.984625 0.000935413
132.5 0.985959 0.000886269
137.5 0.987525 0.000917087
142.5 0.988439 0.000905834
147.5 0.988739 0.000861393
152.5 0.987472 0.00114727
157.5 0.990397 0.00123345
162.5 0.989871 0.00109555
167.5 0.992068 0.00125515
172.5 0.990857 0.00175464
177.5 0.992009 0.00129016
182.5 0.993216 0.00114798
187.5 0.990252 0.00191044
192.5 0.992196 0.00133472
197.5 0.992087 0.00175806
