0.02 0 0
0.06 0 0
0.1 0 0
0.14 0 0
0.18 0 0
0.22 0 0
0.26 0 0
0.3 0 0
0.34 0 0
0.38 0 0
0.42 0.0107219 0.00619032
0.46 0.00714796 0.00505437
0.5 0.0107219 0.00619032
0.54 0 0
0.58 0.0142959 0.00714796
0.62 0.00714796 0.00505437
0.66 0 0
0.7 0.0107219 0.00619032
0.74 0.0214439 0.00875443
0.78 0.0929235 0.0182238
0.82 0.200143 0.0267452
0.86 0.68263 0.0493934
0.9 1.69764 0.0778931
0.94 4.1351 0.121568
0.98 6.62616 0.153889
1.02 6.77627 0.155622
1.06 3.23445 0.107517
1.1 1.17941 0.0649246
1.14 0.207291 0.0272186
1.18 0.0643317 0.0151631
1.22 0.00714796 0.00505437
1.26 0 0
1.3 0 0
1.34 0.00357398 0.00357398
1.38 0 0
1.42 0 0
1.46 0 0
1.5 0.00357398 0.00357398
1.54 0 0
1.58 0 0
1.62 0 0
1.66 0.00357398 0.00357398
1.7 0 0
1.74 0 0
1.78 0 0
1.82 0 0
1.86 0 0
1.9 0.00357398 0.00357398
1.94 0 0
1.98 0 0
