0.02 0 0
0.06 0 0
0.1 0 0
0.14 0 0
0.18 0 0
0.22 0 0
0.26 0 0
0.3 0 0
0.34 0 0
0.38 0 0
0.42 0 0
0.46 0 0
0.5 0 0
0.54 0 0
0.58 0 0
0.62 0.0873521 0.00362398
0.66 0.331968 0.00706475
0.7 0.684534 0.0101449
0.74 1.17091 0.0132681
0.78 1.49341 0.0149843
0.82 1.795 0.0164279
0.86 1.99647 0.0173253
0.9 2.14306 0.0179501
0.94 2.18275 0.0181155
0.98 2.12577 0.0178775
1.02 1.96565 0.017191
1.06 1.76388 0.0162848
1.1 1.5358 0.0151956
1.14 1.28352 0.0138915
1.18 1.06281 0.0126409
1.22 0.788274 0.0108865
1.26 0.55298 0.00911808
1.3 0.369104 0.00744943
1.34 0.254389 0.0061844
1.38 0.192896 0.00538531
1.42 0.174704 0.00512508
1.46 0.139824 0.00458499
1.5 0.125841 0.00434971
1.54 0.11246 0.00411195
1.58 0.107799 0.00402584
1.62 0.101184 0.00390036
1.66 0.0843452 0.00356106
1.7 0.0732194 0.00331789
1.74 0.0580343 0.00295387
1.78 0.0436009 0.00256033
1.82 0.0371359 0.0023629
1.86 0.0263109 0.00198892
1.9 0.0231536 0.00186577
1.94 0.0174404 0.0016193
1.98 0.0944185 0.00376771
