0.02 0 0
0.06 0 0
0.1 0 0
0.14 0 0
0.18 0 0
0.22 0 0
0.26 0 0
0.3 0 0
0.34 0 0
0.38 0 0
0.42 0 0
0.46 0 0
0.5 0 0
0.54 0 0
0.58 0 0
0.62 0 0
0.66 0 0
0.7 0.0206271 0.0206271
0.74 0 0
0.78 0.0412541 0.0291711
0.82 0.123762 0.0505258
0.86 0.330033 0.0825083
0.9 1.19637 0.157091
0.94 4.24917 0.296054
0.98 8.5396 0.419699
1.02 7.28135 0.387547
1.06 2.55776 0.229693
1.1 0.618812 0.112979
1.14 0.0412541 0.0291711
1.18 0 0
1.22 0 0
1.26 0 0
1.3 0 0
1.34 0 0
1.38 0 0
1.42 0 0
1.46 0 0
1.5 0 0
1.54 0 0
1.58 0 0
1.62 0 0
1.66 0 0
1.7 0 0
1.74 0 0
1.78 0 0
1.82 0 0
1.86 0 0
1.9 0 0
1.94 0 0
1.98 0 0
