0.02 0 0
0.06 0 0
0.1 0 0
0.14 0 0
0.18 0 0
0.22 0 0
0.26 0 0
0.3 0 0
0.34 0 0
0.38 0 0
0.42 0 0
0.46 0 0
0.5 0.00641026 0.00100111
0.54 0.0883365 0.00371634
0.58 0.256254 0.00632967
0.62 0.469199 0.00856494
0.66 0.698718 0.0104519
0.7 1.01735 0.0126119
0.74 1.34787 0.0145168
0.78 1.7142 0.016371
0.82 2.09131 0.0180823
0.86 2.31864 0.0190398
0.9 2.45982 0.0196109
0.94 2.3657 0.019232
0.98 2.22358 0.0186454
1.02 1.68355 0.016224
1.06 1.13946 0.0133474
1.1 0.691839 0.0104004
1.14 0.508912 0.00892004
1.18 0.456848 0.00845146
1.22 0.499062 0.0088333
1.26 0.530175 0.00910449
1.3 0.524234 0.00905333
1.34 0.467323 0.0085478
1.38 0.368981 0.00759535
1.42 0.287367 0.00670292
1.46 0.220919 0.00587709
1.5 0.153064 0.00489196
1.54 0.109131 0.00413066
1.58 0.0676986 0.00325339
1.62 0.0490932 0.00277049
1.66 0.0408068 0.00252587
1.7 0.0298624 0.00216077
1.74 0.0192308 0.00173398
1.78 0.0171982 0.00163979
1.82 0.0123515 0.00138965
1.86 0.00891182 0.0011804
1.9 0.00813008 0.00112744
1.94 0.00672295 0.00102524
1.98 0.0417448 0.00255474
