0.02 0 0
0.06 0 0
0.1 0 0
0.14 0 0
0.18 0 0
0.22 0 0
0.26 0 0
0.3 0 0
0.34 0 0
0.38 0.0166334 0.0166334
0.42 0 0
0.46 0 0
0.5 0 0
0.54 0 0
0.58 0 0
0.62 0.0166334 0.0166334
0.66 0 0
0.7 0 0
0.74 0 0
0.78 0.083167 0.0371934
0.82 0.0332668 0.0235232
0.86 0.349301 0.0762238
0.9 1.36394 0.150622
0.94 3.87558 0.253898
0.98 8.34997 0.372677
1.02 7.45176 0.352063
1.06 2.77778 0.214951
1.1 0.565536 0.0969886
1.14 0.0665336 0.0332668
1.18 0.0332668 0.0235232
1.22 0.0166334 0.0166334
1.26 0 0
1.3 0 0
1.34 0 0
1.38 0 0
1.42 0 0
1.46 0 0
1.5 0 0
1.54 0 0
1.58 0 0
1.62 0 0
1.66 0 0
1.7 0 0
1.74 0 0
1.78 0 0
1.82 0 0
1.86 0 0
1.9 0 0
1.94 0 0
1.98 0 0
