0.02 0 0
0.06 0 0
0.1 0 0
0.14 0 0
0.18 0 0
0.22 0 0
0.26 0.00107095 0.000404779
0.3 0.00321284 0.000701098
0.34 0.0059667 0.000955436
0.38 0.0107095 0.00128002
0.42 0.0133103 0.00142702
0.46 0.020501 0.00177101
0.5 0.019277 0.00171733
0.54 0.00856756 0.00114489
0.58 0.00917953 0.00118507
0.62 0.0238668 0.00191087
0.66 0.0420729 0.00253709
0.7 0.0801679 0.00350215
0.74 0.168138 0.00507187
0.78 0.361674 0.00743863
0.82 0.749509 0.0107084
0.86 1.39039 0.0145849
0.9 2.30253 0.0187688
0.94 3.28337 0.0224127
0.98 3.88692 0.0243858
1.02 4.01758 0.0247923
1.06 3.36216 0.02268
1.1 2.3671 0.0190302
1.14 1.45679 0.0149291
1.18 0.770469 0.0108571
1.22 0.365345 0.0074763
1.26 0.162631 0.00498811
1.3 0.0665516 0.00319091
1.34 0.0272326 0.00204117
1.38 0.0108624 0.00128914
1.42 0.00413079 0.000794971
1.46 0.00214189 0.000572444
1.5 0.000611969 0.000305984
1.54 0.000917953 0.000374753
1.58 0.00107095 0.000404779
1.62 0.000305984 0.000216364
1.66 0.000458977 0.00026499
1.7 0.000152992 0.000152992
1.74 0.000305984 0.000216364
1.78 0.000611969 0.000305984
1.82 0.000764961 0.000342101
1.86 0.000305984 0.000216364
1.9 0 0
1.94 0.000152992 0.000152992
1.98 0.000917953 0.000374753
