1 0.954545 0.208299 0.938776 0.138415 0.785992 0.0553022 0.61325 0.0234311 0.347634 0.0108795 0.262461 0.00689733
3 0.0454545 0.0454545 0.0612245 0.035348 0.194553 0.0275139 0.29991 0.0163859 0.324481 0.010511 0.179083 0.00569738
5 0 0 0 0 0.0077821 0.00550278 0.0698299 0.00790668 0.198161 0.00821405 0.227116 0.00641612
7 0 0 0 0 0.0077821 0.00550278 0.0152193 0.00369123 0.0847804 0.00537274 0.162951 0.00543472
9 0 0 0 0 0.00389105 0.00389105 0.00179051 0.00126608 0.031665 0.0032835 0.0926228 0.00409739
11 0 0 0 0 0 0 0 0 0.0102145 0.0018649 0.0436832 0.00281388
13 0 0 0 0 0 0 0 0 0.00238338 0.000900835 0.0193946 0.00187495
15 0 0 0 0 0 0 0 0 0.000680967 0.000481516 0.00833786 0.00122935
17 0 0 0 0 0 0 0 0 0 0 0.00308138 0.000747346
19 0 0 0 0 0 0 0 0 0 0 0.00090629 0.000405305
21 0 0 0 0 0 0 0 0 0 0 0.000362516 0.000256337
23 0 0 0 0 0 0 0 0 0 0 0 0
25 0 0 0 0 0 0 0 0 0 0 0 0
27 0 0 0 0 0 0 0 0 0 0 0 0
29 0 0 0 0 0 0 0 0 0 0 0 0
31 0 0 0 0 0 0 0 0 0 0 0 0
33 0 0 0 0 0 0 0 0 0 0 0 0
35 0 0 0 0 0 0 0 0 0 0 0 0
37 0 0 0 0 0 0 0 0 0 0 0 0
39 0 0 0 0 0 0 0 0 0 0 0 0
41 0 0 0 0 0 0 0 0 0 0 0 0
43 0 0 0 0 0 0 0 0 0 0 0 0
45 0 0 0 0 0 0 0 0 0 0 0 0
47 0 0 0 0 0 0 0 0 0 0 0 0
49 0 0 0 0 0 0 0 0 0 0 0 0
