0.1 0.365303 0.223316 0.541869 0.324565 0.52766 0.428641 0.847474 0.977193 -29.8094 3.4769 0.16994 0.128477 -27.5271 3.65823 -27.5271
0.3 0.745942 0.399182 1.21745 0.541966 0.747827 0.455213 0.26111 0.291499 0.684467 0.393562 0.00613081 0.215261 3.6568 0.948765 -23.8703
0.5 1.54125 0.461123 1.26164 0.666156 0.380557 0.45517 0.363424 0.176217 0.973007 0.417283 0.5077 0.280572 4.51988 1.03381 -19.3504
0.7 1.01957 0.547303 -0.220384 0.73752 1.4135 0.577388 -0.150656 0.170982 0.431311 0.29624 0.514055 0.336779 2.49335 1.13747 -16.857
0.9 2.34995 0.500003 0.658204 0.672562 1.42643 0.559926 0.143389 0.183795 1.20133 0.460434 0.56079 0.327083 5.77931 1.12323 -11.0777
1.1 0.797423 0.508556 0.13634 0.704625 -0.671237 0.505573 0.4515 0.173905 0.0386549 0.140793 0.850932 0.33062 0.752681 1.02995 -10.325
1.3 1.63851 0.497512 0.393146 0.810576 -0.0381234 0.513536 0.0403558 0.147424 -0.0494712 0.112667 -0.0672293 0.312631 1.98442 1.09668 -8.34062
1.5 -0.465877 0.459481 0.100963 0.675191 0.0671648 0.532646 -0.215934 0.137995 -0.0607708 0.146071 0.417098 0.329392 -0.574455 0.995539 -8.91507
1.7 0.330303 0.462756 0.0243905 0.653676 -0.400887 0.515679 -0.0898377 0.0965092 0.126495 0.0784017 0.0914941 0.313121 -0.00953597 0.960636 -8.92461
1.9 0.128163 0.90527 0.433887 1.31194 -0.523723 0.975584 0.360189 0.301176 0.707395 0.32458 -0.333588 0.688001 1.10591 1.92056 -7.8187
