0.1 -0.336901 0.191155 0.0144584 0.302516 -0.641416 0.432651 -0.571998 0.831843 -25.4329 3.13771 -0.00845574 0.120123 -26.9687 3.29431 -26.9687
0.3 -0.405578 0.301367 -0.167959 0.44096 -1.0167 0.369128 -0.51144 0.264596 0.188769 0.257985 -0.595648 0.207201 -1.91291 0.747055 -28.8817
0.5 -0.518462 0.418408 0.575711 0.578989 0.72835 0.437508 0.0643364 0.189402 0.603085 0.264523 0.335085 0.231429 1.45302 0.89864 -27.4286
0.7 0.853535 0.451017 0.324347 0.620174 0.603872 0.480258 0.197434 0.133182 0.379402 0.2333 -0.646235 0.279513 2.35859 0.943846 -25.07
0.9 -0.44365 0.518898 -0.855177 0.621505 -0.0703937 0.562032 0.482618 0.177803 1.01934 0.397679 -0.373214 0.30945 0.13274 1.07757 -24.9373
1.1 -0.568297 0.441558 -0.696092 0.677127 0.539329 0.517507 0.446208 0.153716 0.326232 0.272364 -0.0641969 0.291497 0.0473808 1.0095 -24.8899
1.3 -0.517202 0.435211 -0.370312 0.667349 -0.581921 0.484215 0.167566 0.114062 0.123973 0.0922928 0.353994 0.287509 -1.1779 0.943799 -26.0678
1.5 0.583428 0.466609 0.829869 0.559638 0.457896 0.455325 -0.00359481 0.103415 -0.00599372 0.110094 -0.312605 0.294375 1.8616 0.872384 -24.2062
1.7 -0.387522 0.438372 -0.658364 0.581097 -0.80729 0.44124 0.00595474 0.119534 0.0134306 0.0101151 -0.00556486 0.267357 -1.83379 0.859609 -26.04
1.9 -0.258602 0.912 0.0721316 1.03406 0.321877 0.896169 0.412162 0.236192 0.799477 0.51336 -0.693434 0.64891 1.34705 1.73881 -24.693
