0.1 0.607649 0.210153 0.610038 0.306456 -0.12941 0.458608 0.582419 0.861887 -28.6331 3.11871 0.131972 0.115642 -26.9624 3.28902 -26.9624
0.3 0.996759 0.412807 0.964478 0.476978 -0.158682 0.399027 -0.168834 0.301849 0.308901 0.297304 0.570192 0.214413 1.94262 0.858279 -25.0198
0.5 1.19169 0.416691 0.457632 0.562984 0.18916 0.42273 0.117059 0.199387 0.635198 0.273017 0.630851 0.252098 2.59074 0.885198 -22.4291
0.7 2.04455 0.475029 1.0444 0.673973 0.993602 0.471412 0.129297 0.159211 0.241451 0.201552 0.559842 0.316635 4.4533 0.983917 -17.9758
0.9 1.61529 0.499881 1.51442 0.661146 0.0495912 0.517974 0.294687 0.172926 0.942029 0.404185 0.487948 0.291938 4.41601 1.07171 -13.5598
1.1 1.3524 0.474069 2.02861 0.630096 -0.615914 0.543923 0.42664 0.128889 0.387016 0.27236 0.94515 0.289938 3.57875 1.00419 -9.98101
1.3 0.889736 0.440476 1.30977 0.646724 0.97573 0.498082 0.0879874 0.115335 0.127854 0.0952874 0.814998 0.292974 3.39108 0.939542 -6.58993
1.5 0.7821 0.45324 0.720106 0.624396 0.197005 0.46512 -0.209484 0.132434 -0.000479911 0.113625 0.98067 0.284711 1.48925 0.917651 -5.10069
1.7 0.629495 0.437259 0.280918 0.626547 0.327702 0.436245 0.0761367 0.097597 0.0135021 0.0101329 0.235302 0.297872 1.32775 0.885266 -3.77293
1.9 0.294566 0.878119 -1.30647 1.21025 0.298496 0.802591 0.441204 0.264425 1.0034 0.520288 0.6476 0.585556 0.731195 1.79459 -3.04174
