-1.25 57.6605 0.344446 -1.25 57.714 0.344606 66.8416 0.370856
-0.9 58.6265 0.54916 -0.9375 57.284 0.686639 64.7325 0.729916
-0.7 58.6163 0.549112 -0.8125 59.4568 0.69954 65.9506 0.736752
-0.5 57.572 0.544199 -0.6875 57.5144 0.688019 65.4486 0.733942
-0.35 58.0761 0.772975 -0.5625 57.6296 0.688707 66.6667 0.740741
-0.25 58.4053 0.775163 -0.4375 59.1687 0.697843 66 0.737028
-0.15 58.7037 0.777141 -0.3125 58.1564 0.691848 66.6337 0.740558
0 61.6512 0.563148 -0.1875 60.0412 0.702969 66.8477 0.741746
0.15 59.0741 0.779588 0 60.0041 0.496921 66.6173 0.523589
0.25 58.7346 0.777345 0.1875 59.1605 0.697795 65.6872 0.735279
0.35 59.0535 0.779453 0.3125 59.2346 0.698232 66.6502 0.740649
0.5 28.3436 0.381838 0.4375 59.284 0.698523 65.7202 0.735464
0.7 56.9907 0.541445 0.5625 56.7737 0.683574 66.9794 0.742476
0.9 57.6286 0.544466 0.6875 56.4856 0.681837 66.9136 0.742111
1.25 57.5473 0.344108 0.8125 57.8272 0.689887 65.9588 0.736798
0 -nan -nan 0.9375 56.9053 0.684366 66.0494 0.737303
0 -nan -nan 1.25 57.6852 0.34452 66.1893 0.369042
