-1.25 58.0259 0.339984 -1.25 59.6873 0.344817 66.9084 0.36508
-0.9 59.0339 0.542212 -0.9375 59.753 0.690014 66.0478 0.72545
-0.7 59.4771 0.544243 -0.8125 60.3347 0.693364 66.1434 0.725975
-0.5 61.8277 0.554894 -0.6875 60.9323 0.69679 67.3307 0.732461
-0.35 63.6056 0.795941 -0.5625 60.9801 0.697063 66.6135 0.72855
-0.25 63.8247 0.797311 -0.4375 62.2709 0.704402 65.0757 0.720091
-0.15 64.751 0.803075 -0.3125 62.6215 0.706382 67.2669 0.732114
0 65.8267 0.572558 -0.1875 62.8127 0.70746 66.8367 0.729769
0.15 64.4124 0.800973 0 64.992 0.508854 65.8765 0.512305
0.25 63.1873 0.793319 0.1875 62.6454 0.706517 67.6733 0.734323
0.35 61.8725 0.785022 0.3125 63.2988 0.710192 66.1036 0.725756
0.5 29.5867 0.383854 0.4375 60.8765 0.696471 67.1235 0.731333
0.7 60.9711 0.551036 0.5625 60.4143 0.693822 66.5737 0.728332
0.9 58.4313 0.539437 0.6875 59.6972 0.689692 66.1434 0.725975
1.25 57.9303 0.339704 0.8125 60 0.691439 66.2072 0.726324
0 -nan -nan 0.9375 60.1833 0.692494 66.9801 0.730552
0 -nan -nan 1.25 58.6116 0.341696 66.6434 0.364357
