-1.25 57.6934 0.344544 -1.25 57.2058 0.343085 65.8663 0.36814
-0.9 58.0298 0.546358 -0.9375 58.0576 0.69126 64.9877 0.731353
-0.7 57.7778 0.54517 -0.8125 57.3663 0.687132 66.214 0.738222
-0.5 58.7912 0.549931 -0.6875 58.642 0.69473 65.6214 0.734911
-0.35 57.9527 0.772153 -0.5625 57.2757 0.686589 65.1029 0.732001
-0.25 57.356 0.768168 -0.4375 58.2798 0.692582 65.7695 0.73574
-0.15 58.6934 0.777073 -0.3125 57.8436 0.689985 66.2058 0.738176
0 60.427 0.557529 -0.1875 58.7984 0.695656 65.1111 0.732048
0.15 60.535 0.789169 0 60.3416 0.498316 66.8642 0.524558
0.25 59.3416 0.781351 0.1875 59.8519 0.70186 64.856 0.730612
0.35 57.5309 0.769338 0.3125 58.9712 0.696678 65.4239 0.733804
0.5 29.2233 0.387718 0.4375 57.0617 0.685306 67.3416 0.744481
0.7 57.5463 0.544077 0.5625 58.4691 0.693706 65.465 0.734035
0.9 57.2171 0.542519 0.6875 56.749 0.683425 65.4156 0.733758
1.25 57.7387 0.344679 0.8125 58.7078 0.69512 66.2634 0.738497
0 -nan -nan 0.9375 56.9877 0.684861 66.2881 0.738634
0 -nan -nan 1.25 57.2963 0.343356 66.2654 0.369254
