1 1 0.223607 0.854167 0.133398 0.791667 0.0574335 0.597858 0.0241276 0.344303 0.0110378 0.251933 0.00673079
3 0 0 0.125 0.051031 0.183333 0.0276385 0.323272 0.0177418 0.316348 0.0105803 0.181262 0.00570923
5 0 0 0.0208333 0.0208333 0.0208333 0.00931695 0.0681597 0.00814664 0.202052 0.00845563 0.217047 0.00624742
7 0 0 0 0 0.00416667 0.00416667 0.0097371 0.00307914 0.0845718 0.0054705 0.164719 0.00544245
9 0 0 0 0 0 0 0.00097371 0.00097371 0.0307856 0.00330056 0.0967452 0.00417098
11 0 0 0 0 0 0 0 0 0.014862 0.00229326 0.0501708 0.00300365
13 0 0 0 0 0 0 0 0 0.00530786 0.00137048 0.0253552 0.00213529
15 0 0 0 0 0 0 0 0 0.00106157 0.000612898 0.00773242 0.00117918
17 0 0 0 0 0 0 0 0 0.000353857 0.000353857 0.00359648 0.000804196
19 0 0 0 0 0 0 0 0 0.000353857 0.000353857 0.00143859 0.000508618
21 0 0 0 0 0 0 0 0 0 0 0 0
23 0 0 0 0 0 0 0 0 0 0 0 0
25 0 0 0 0 0 0 0 0 0 0 0 0
27 0 0 0 0 0 0 0 0 0 0 0 0
29 0 0 0 0 0 0 0 0 0 0 0 0
31 0 0 0 0 0 0 0 0 0 0 0 0
33 0 0 0 0 0 0 0 0 0 0 0 0
35 0 0 0 0 0 0 0 0 0 0 0 0
37 0 0 0 0 0 0 0 0 0 0 0 0
39 0 0 0 0 0 0 0 0 0 0 0 0
41 0 0 0 0 0 0 0 0 0 0 0 0
43 0 0 0 0 0 0 0 0 0 0 0 0
45 0 0 0 0 0 0 0 0 0 0 0 0
47 0 0 0 0 0 0 0 0 0 0 0 0
49 0 0 0 0 0 0 0 0 0 0 0 0
