5 0.0073905 0.00089623 0.0246712 0.00163749 0.0388001 0.00205352 0.0435822 0.00217639 0.0371699 0.00200992 0.0266275 0.00170117
15 0.0260841 0.00168372 0.07184 0.00279425 0.0695577 0.00274951 0.0594501 0.0025419 0.0423867 0.00214633 0.0102163 0.00105373
25 0.0480383 0.00228495 0.0753179 0.00286109 0.0517335 0.0023712 0.0286925 0.0017659 0.0126073 0.00117056 0.000108684 0.000108684
35 0.06358 0.00262871 0.059124 0.00253492 0.0314096 0.00184763 0.0166286 0.00134434 0.00239104 0.000509772 0.000108684 0.000108684
45 0.0702098 0.00276237 0.0453212 0.00221939 0.0215194 0.00152932 0.00499946 0.00073713 0.000543419 0.000243024 0 0
55 0.0654277 0.00266663 0.0379307 0.00203038 0.0139115 0.00122962 0.00152157 0.000406658 0 0 0 0
65 0.0808608 0.0029645 0.0279317 0.00174233 0.00434735 0.000687377 0.000326052 0.000188246 0 0 0 0
75 0.0906423 0.00313869 0.0185849 0.00142123 0.00282578 0.000554181 0.000108684 0.000108684 0 0 0 0
85 0.122052 0.00364213 0.00989023 0.00103678 0.000543419 0.000243024 0 0 0 0 0 0
95 0.482339 0.00724033 0.00912944 0.000996104 0.000543419 0.000243024 0 0 0 0 0 0
