0.1 0.46521 0.0810192 0.450713 0.236259 -0.319298 0.594611 0.271575 1.34046 -39.271 3.2592
0.3 0.971096 0.148891 1.87225 0.294388 0.328843 0.316226 -0.209011 0.475687 0.0375236 0.462637
0.5 1.49172 0.17245 1.8873 0.301225 0.709449 0.208735 0.215047 0.13568 1.15866 0.49056
0.7 1.66045 0.188053 2.40453 0.29275 0.549078 0.14792 -0.0800829 0.240264 0.664712 0.407528
0.9 1.35747 0.167627 1.84822 0.241256 0.938821 0.160372 0.772842 0.270071 1.06327 0.409887
1.1 1.24691 0.159119 1.49297 0.182511 0.286484 0.153353 0.0470416 0.147543 0.687873 0.464916
1.3 0.868585 0.11491 0.735372 0.157002 0.189272 0.097213 0.279475 0.158524 0.469433 0.339004
1.5 0.650757 0.0787738 0.793151 0.140983 0.184055 0.0864606 0.0125725 0.109014 -0.105515 0.146331
1.7 0.406055 0.0645108 0.688103 0.113209 0.181426 0.0791031 0.17816 0.0714445 -0.00118989 0.0575854
1.9 0.77327 0.146814 0.989904 0.186397 0.239838 0.103544 0.295032 0.133711 0.763288 0.413329
