0.1 1.18651 0.010413
0.3 0.964803 0.0134764
0.5 0.826142 0.0137444
0.7 0.781286 0.0142206
0.9 0.749468 0.0142637
1.1 0.753334 0.0145617
1.3 0.694265 0.0139335
1.5 0.690156 0.0142092
1.7 0.654184 0.0140292
1.9 0.653974 0.0145374
2.1 0.620563 0.0149451
2.3 0.611916 0.0156381
2.5 0.626378 0.0173403
2.7 0.672533 0.0203064
2.9 0.704524 0.0236821
3.1 0.69175 0.0265527
3.3 0.852594 0.035751
3.5 0.89829 0.044459
3.7 0.866176 0.0512999
3.9 0.87657 0.0642013
4.1 1.02068 0.0938341
4.3 1.04714 0.117675
4.5 0.887196 0.148925
4.7 1.40648 0.309867
4.9 1.34606 0.476835
5.1 1.1877 0.593849
5.3 0.712619 0.520423
5.5 2.3754 2.90925
