2.5 0.322748 0.00448045
7.5 0.52358 0.00340955
12.5 0.656297 0.00319861
17.5 0.733401 0.0030291
22.5 0.782945 0.0028101
27.5 0.821741 0.00260484
32.5 0.841886 0.00256012
37.5 0.861623 0.0023743
42.5 0.876432 0.00228105
47.5 0.884657 0.00226391
52.5 0.895246 0.0020541
57.5 0.902697 0.00197783
62.5 0.905583 0.00196907
67.5 0.90938 0.00191166
72.5 0.914947 0.00179339
77.5 0.920722 0.00164978
82.5 0.922572 0.00165071
87.5 0.926403 0.00154633
92.5 0.931315 0.00146369
97.5 0.935511 0.00136776
102.5 0.931451 0.00112943
107.5 0.935875 0.00122286
112.5 0.939469 0.00131916
117.5 0.945985 0.00138874
122.5 0.946621 0.00157048
127.5 0.949212 0.00184152
132.5 0.953295 0.00167727
137.5 0.95549 0.0018417
142.5 0.955691 0.00202994
147.5 0.957854 0.0020776
152.5 0.956893 0.00235482
157.5 0.963285 0.00242262
162.5 0.962714 0.00239624
167.5 0.96824 0.00259723
172.5 0.962811 0.00315314
177.5 0.96591 0.00279113
182.5 0.971114 0.00387109
187.5 0.97036 0.00317305
192.5 0.96806 0.00325637
197.5 0.973261 0.00338799
