-0.9 1.00727 0.346091
-0.7 0.991533 0.193959
-0.5 1.13318 0.142767
-0.3 1.04383 0.0902489
-0.1 0.929106 0.0462955
0.1 0.892294 0.0117221
0.3 1.07027 0.0154567
0.5 1.04543 0.015565
0.7 0.979706 0.0152722
0.9 0.912418 0.0150704
1.1 0.881362 0.0151635
1.3 0.82391 0.0147237
1.5 0.800876 0.0147599
1.7 0.770387 0.0147912
1.9 0.767598 0.0152013
2.1 0.72263 0.0149702
2.3 0.743017 0.0161031
2.5 0.728525 0.0170401
2.7 0.732773 0.0187314
2.9 0.771407 0.0213606
3.1 0.842171 0.0263995
3.3 0.910649 0.0324548
3.5 0.989354 0.0401912
3.7 1.07616 0.050454
3.9 1.11695 0.0600056
4.1 1.35006 0.0895565
4.3 1.30618 0.110278
4.5 1.34618 0.158415
4.7 1.56716 0.300067
4.9 1.80469 0.443136
5.1 0.849885 0.374764
5.3 1.51091 1.15397
5.5 1.13318 1.13318
