0.1 0.387299 0.275932 0.573198 0.382433 1.03775 0.49376 1.72966 0.988242 -41.9575 4.26825 -0.0404712 0.146089 -38.2296 4.43404 -38.2296
0.3 1.77853 0.434126 2.40247 0.607886 0.052296 0.44706 -0.320443 0.258771 0.246722 0.413322 0.634925 0.252622 4.15958 0.997823 -34.07
0.5 2.17855 0.486335 1.40411 0.744338 0.497926 0.54775 0.116703 0.225186 0.553804 0.322027 0.791606 0.301396 4.75109 1.1158 -29.319
0.7 2.3424 0.611803 2.26524 0.735686 0.562488 0.603126 0.00614143 0.170492 -0.113994 0.113994 0.265173 0.389514 5.06227 1.1495 -24.2567
0.9 2.75194 0.593098 3.00559 0.88269 1.52334 0.575699 0.342495 0.284827 0.852802 0.393661 0.998916 0.353948 8.47617 1.30324 -15.7805
1.1 0.966337 0.551255 2.41705 0.823271 -0.420708 0.587304 0.167055 0.181914 0.54696 0.373607 1.14225 0.385505 3.6767 1.22444 -12.1038
1.3 1.84663 0.530181 0.377173 0.850554 0.545792 0.56677 0.100771 0.15853 0.0869027 0.0869027 0.794065 0.363087 2.95727 1.16552 -9.14655
1.5 0.0265976 0.521409 -0.382374 0.667008 0.00580599 0.544424 -0.129722 0.11493 -0.0835103 0.0835103 0.148022 0.30262 -0.563203 1.01654 -9.70975
1.7 1.00324 0.530234 -0.798186 0.729426 -0.286361 0.629003 0.052616 0.117125 0.143895 0.0986376 0.489844 0.353086 0.115209 1.11009 -9.59454
1.9 1.3543 1.07916 -0.640799 1.21387 1.42537 1.07017 0.336329 0.351106 0.805153 0.439759 0.0617518 0.697653 3.28035 2.02485 -6.31419
