-1.25 56.9295 0.392786 -1.25 57.7886 0.395738 65.8347 0.422391
-0.9 56.8902 0.620834 -0.9375 59.0244 0.799894 66.7425 0.850586
-0.7 57.1409 0.622201 -0.8125 57.1599 0.787159 64.8997 0.838761
-0.5 57.6694 0.625071 -0.6875 56.7696 0.784467 65.8753 0.845042
-0.35 59.2547 0.896052 -0.5625 57.6911 0.790808 67.2412 0.853757
-0.25 59.7967 0.900141 -0.4375 58.9919 0.799674 64.1951 0.834195
-0.15 59.9458 0.901262 -0.3125 57.9946 0.792886 65.0407 0.839671
0 61.4634 0.645305 -0.1875 59.458 0.802827 66.0813 0.846362
0.15 62.439 0.919814 0 61.5556 0.577611 66.4715 0.600233
0.25 60.0271 0.901873 0.1875 58.7317 0.797909 66.4282 0.84858
0.35 58.5637 0.890812 0.3125 58.7859 0.798277 65.1816 0.84058
0.5 29.1192 0.444168 0.4375 57.8211 0.791699 65.019 0.839531
0.7 56.1314 0.61668 0.5625 56.9648 0.785814 66.7317 0.850517
0.9 57.3509 0.623343 0.6875 57.5718 0.78999 64.3144 0.83497
1.25 57.1762 0.393636 0.8125 57.4417 0.789097 66.1247 0.84664
0 -nan -nan 0.9375 57.5501 0.789842 65.561 0.843023
0 -nan -nan 1.25 58.8076 0.399212 66.2114 0.423597
