-1.25 58.0569 0.396656 -1.25 59.8862 0.402856 66.4201 0.424264
-0.9 58.6247 0.630227 -0.9375 58.6667 0.797467 65.7236 0.844068
-0.7 59.8306 0.636676 -0.8125 59.9241 0.805968 66.5149 0.849134
-0.5 62.0799 0.648534 -0.6875 60.1192 0.807279 66.0705 0.846292
-0.35 62.2087 0.918115 -0.5625 60.8997 0.812502 65.4526 0.842326
-0.25 63.1843 0.925287 -0.4375 61.7886 0.81841 65.7236 0.844068
-0.15 66.8699 0.951891 -0.3125 61.5827 0.817045 67.5772 0.855888
0 65.8198 0.667783 -0.1875 65.2575 0.841069 65.832 0.844764
0.15 65.8943 0.944922 0 65.2141 0.594528 66.0921 0.598517
0.25 62.0325 0.916815 0.1875 64.0325 0.833138 66.9593 0.851966
0.35 63.645 0.928654 0.3125 63.4255 0.82918 67.5881 0.855957
0.5 30.0136 0.450937 0.4375 61.9187 0.819271 65.9404 0.845459
0.7 59.8916 0.637001 0.5625 61.0732 0.813658 67.0461 0.852518
0.9 59.4241 0.63451 0.6875 59.3388 0.802022 66.6775 0.850171
1.25 57.6043 0.395107 0.8125 61.2033 0.814524 65.9729 0.845667
0 -nan -nan 0.9375 60.0217 0.806624 66.6883 0.850241
0 -nan -nan 1.25 59.8726 0.402811 66.5122 0.424558
