0.1 4.07173 3.74408 1.06047 0.285915 1.69713 0.702429 -0.902478 1.4121 -49.6662 4.28796
0.3 1.67804 0.208226 14.2763 11.4933 0.351334 0.324133 -0.42155 0.415697 0.717514 0.735195
0.5 1.62369 0.257493 3.48599 0.474097 1.05218 0.251442 0.240998 0.225728 0.625082 0.292126
0.7 2.31728 0.304679 3.29311 0.444309 1.07962 0.178315 -0.098899 0.0816503 -0.146932 0.226605
0.9 0.685514 1.70417 3.26599 0.389068 1.23019 0.60663 0.484509 0.230837 0.822907 0.55711
1.1 1.77393 0.318828 2.42057 0.306097 0.881217 0.150874 0.361944 0.228511 0.856259 0.627529
1.3 1.02481 0.159536 1.57234 0.192704 0.514776 0.169402 0.529288 0.271823 1.1995 1.1261
1.5 0.858208 0.116336 0.828622 0.159857 0.111925 0.121981 -0.0475551 0.0431784 -0.241894 0.241894
1.7 0.317073 0.0891566 0.460032 0.138091 0.211825 0.089728 0.160947 0.114799 -0.000900735 0.000900735
1.9 7.8014 0.807489 10.8564 1.21156 3.42118 0.713127 0.512291 0.573314 -6.36334 2.25591
