0.1 0.391193 0.0916645 0.605006 0.228021 -0.927916 0.560625 -2.05279 1.10508 -40.3767 3.09634
0.3 0.923795 0.149573 1.65854 0.245643 0.440683 0.287268 0.133666 0.335181 0.526781 0.5206
0.5 1.44775 0.16622 2.29943 0.31908 0.749094 0.180147 0.336015 0.213282 0.991608 0.405916
0.7 1.4648 0.181073 2.53288 0.282367 0.898726 0.146119 0.477807 0.238878 0.445285 0.205448
0.9 1.4541 0.174003 2.12086 0.220395 1.08223 0.378665 0.634346 0.194185 1.37604 0.490262
1.1 1.14824 0.136352 1.60416 0.183101 0.608817 0.125226 0.333501 0.11726 1.33711 0.513484
1.3 0.95478 0.11225 1.11759 0.144989 0.579632 0.20855 0.359123 0.169144 0.536556 0.29788
1.5 0.662804 0.0793441 0.662362 0.109797 0.189196 0.0722951 0.168811 0.109187 0.158323 0.130782
1.7 0.423753 0.0544403 0.474247 0.0747957 0.0939698 0.0570531 0.159061 0.134259 0.144586 0.0916472
1.9 5.37562 0.484433 8.43482 0.718523 2.67964 0.564561 0.54494 0.525464 -7.41451 2.04275
