-1.25 1.43276 0.0464693 -1.25 2.42097 0.0604052 0.893745 0.0367017
-0.9 2.48681 0.096799 -0.9375 3.70158 0.149384 0.765737 0.0679437
-0.7 3.73775 0.118674 -0.8125 3.73775 0.150112 1.10324 0.0815539
-0.5 5.28259 0.141082 -0.6875 4.05124 0.15628 0.910324 0.0740811
-0.35 7.31726 0.234822 -0.5625 4.85305 0.171048 0.964582 0.0762569
-0.25 8.38734 0.251407 -0.4375 5.81763 0.187276 0.875658 0.0726569
-0.15 10.5275 0.281661 -0.3125 6.6737 0.200582 0.97061 0.0764948
0 12.5132 0.217137 -0.1875 8.61926 0.227953 1.06104 0.0799789
0.15 10.2562 0.278009 0 11.0384 0.18241 1.02185 0.0554995
0.25 8.13866 0.247651 0.1875 8.95855 0.232396 0.874152 0.0725944
0.35 6.62396 0.223421 0.3125 6.47476 0.19757 1.04898 0.0795232
0.5 2.2306 0.0916769 0.4375 5.46797 0.181561 0.92841 0.0748134
0.7 3.42879 0.113663 0.5625 4.75057 0.169232 0.813866 0.0700464
0.9 2.31997 0.0934954 0.6875 4.21402 0.159389 0.723436 0.0660404
1.25 1.20839 0.042676 0.8125 3.99699 0.15523 0.741522 0.0668608
0 -nan -nan 0.9375 3.45441 0.14431 0.783723 0.068737
0 -nan -nan 1.25 2.52762 0.0617214 0.752072 0.0336674
