2.5 0.230328 0.00406899
7.5 0.407694 0.00325184
12.5 0.588144 0.0029612
17.5 0.707056 0.00240046
22.5 0.774672 0.00200742
27.5 0.817515 0.00179584
32.5 0.844091 0.00167422
37.5 0.866997 0.00151114
42.5 0.883449 0.00140648
47.5 0.893217 0.00134639
52.5 0.903709 0.00124056
57.5 0.911175 0.0012122
62.5 0.917177 0.00112761
67.5 0.92124 0.00110477
72.5 0.926663 0.00105825
77.5 0.931831 0.000973492
82.5 0.936821 0.000956303
87.5 0.941758 0.00088141
92.5 0.943564 0.000813931
97.5 0.947954 0.00077813
102.5 0.954836 0.000547788
107.5 0.956792 0.000588935
112.5 0.958656 0.000646928
117.5 0.963674 0.000636335
122.5 0.963646 0.000731842
127.5 0.96492 0.000847813
132.5 0.968661 0.00083911
137.5 0.967693 0.000924526
142.5 0.9677 0.00111329
147.5 0.9716 0.000998939
152.5 0.971371 0.00114654
157.5 0.973539 0.00140803
162.5 0.975321 0.0014068
167.5 0.97738 0.00133341
172.5 0.978063 0.00129375
177.5 0.976205 0.00173887
182.5 0.977357 0.00219969
187.5 0.974542 0.0022002
192.5 0.978104 0.00216626
197.5 0.97849 0.00248523
