2.5 0.495472 0.00479665
7.5 0.734507 0.00248834
12.5 0.840221 0.00157383
17.5 0.884984 0.00123701
22.5 0.911518 0.00104115
27.5 0.925607 0.000955508
32.5 0.935719 0.000885142
37.5 0.945818 0.000792513
42.5 0.952311 0.000743324
47.5 0.955305 0.000720444
52.5 0.95955 0.00066048
57.5 0.962994 0.000637355
62.5 0.965134 0.000614742
67.5 0.967422 0.000587035
72.5 0.969738 0.000570714
77.5 0.97144 0.000534266
82.5 0.973033 0.000522137
87.5 0.974361 0.00049363
92.5 0.975792 0.000451593
97.5 0.97814 0.000426479
102.5 0.980062 0.000302221
107.5 0.98153 0.000324516
112.5 0.981788 0.000357016
117.5 0.983838 0.000362689
122.5 0.983673 0.000413763
127.5 0.985321 0.000434849
132.5 0.986347 0.000455963
137.5 0.986188 0.00053851
142.5 0.987377 0.00052223
147.5 0.987706 0.000607418
152.5 0.987125 0.000696257
157.5 0.988664 0.000747212
162.5 0.988703 0.000799602
167.5 0.98897 0.00073316
172.5 0.98958 0.00086749
177.5 0.991156 0.000713962
182.5 0.990396 0.00125704
187.5 0.990436 0.000965396
192.5 0.992678 0.00111186
197.5 0.990316 0.00100199
