1 0.88172 0.0344254 0.75648 0.0213538 0.588117 0.0129925 0.433785 0.00930134 0.290776 0.00689011 0.252131 0.0059362
3 0.108871 0.0120968 0.212176 0.011309 0.309127 0.00941954 0.345832 0.00830501 0.321633 0.00724648 0.180014 0.00501589
5 0.0094086 0.00355612 0.0253165 0.00390641 0.0846728 0.00492984 0.151576 0.00549822 0.206041 0.00579994 0.221943 0.00556949
7 0 0 0.00421941 0.00159479 0.0157865 0.00212864 0.0526526 0.00324054 0.110204 0.00424176 0.162823 0.00477038
9 0 0 0.00180832 0.00104403 0.00172216 0.000703068 0.013562 0.00164464 0.0460408 0.00274169 0.0985325 0.00371095
11 0 0 0 0 0.000287026 0.000287026 0.00159553 0.000564106 0.0163265 0.00163265 0.0486373 0.00260723
13 0 0 0 0 0.000287026 0.000287026 0.000598325 0.000345443 0.00587755 0.000979592 0.022362 0.00176787
15 0 0 0 0 0 0 0.000199442 0.000199442 0.00163265 0.00051629 0.00922432 0.00113544
17 0 0 0 0 0 0 0.000199442 0.000199442 0.00114286 0.000431959 0.00349406 0.000698812
19 0 0 0 0 0 0 0 0 0.000326531 0.000230892 0.000838574 0.000342347
21 0 0 0 0 0 0 0 0 0 0 0 0
23 0 0 0 0 0 0 0 0 0 0 0 0
25 0 0 0 0 0 0 0 0 0 0 0 0
27 0 0 0 0 0 0 0 0 0 0 0 0
29 0 0 0 0 0 0 0 0 0 0 0 0
31 0 0 0 0 0 0 0 0 0 0 0 0
33 0 0 0 0 0 0 0 0 0 0 0 0
35 0 0 0 0 0 0 0 0 0 0 0 0
37 0 0 0 0 0 0 0 0 0 0 0 0
39 0 0 0 0 0 0 0 0 0 0 0 0
41 0 0 0 0 0 0 0 0 0 0 0 0
43 0 0 0 0 0 0 0 0 0 0 0 0
45 0 0 0 0 0 0 0 0 0 0 0 0
47 0 0 0 0 0 0 0 0 0 0 0 0
49 0 0 0 0 0 0 0 0 0 0 0 0
