0.1 0.460809 0.0935172 0.0359353 0.181938 -0.411758 0.484937 -0.993103 1.18853 -26.132 3.89184 0.120039 0.0320292 -27.0401 4.10317 -27.0401
0.3 0.994054 0.160434 1.44432 0.267631 0.448031 0.256842 -0.299977 0.375803 0.577744 0.509352 0.457459 0.0581149 3.16417 0.751 -23.8759
0.5 1.7528 0.23169 1.95745 0.215566 0.700309 0.159062 0.299851 0.180406 0.889459 0.412922 0.600657 0.0694961 5.59988 0.57315 -18.276
0.7 2.04779 0.243504 1.79206 0.241026 0.63328 0.157907 0.321732 0.163157 0.262549 0.258228 0.645069 0.0857185 5.0574 0.485411 -13.2186
0.9 1.5153 0.173709 1.67191 0.166797 0.385153 0.14035 0.204838 0.197094 1.19213 0.553575 0.627712 0.080222 4.96933 0.650373 -8.24928
1.1 1.37427 0.137648 1.36959 0.162498 0.485261 0.128957 0.28469 0.100699 0.410677 0.389299 0.625302 0.0794183 3.92449 0.472945 -4.3248
1.3 0.941843 0.128043 0.918003 0.123243 0.312519 0.10238 0.160341 0.0817953 0.155995 0.157685 0.444393 0.0601281 2.4887 0.271331 -1.8361
1.5 0.642225 0.0958834 0.377225 0.0880638 0.138757 0.0720867 -0.0795002 0.0593482 0.0601171 0.182801 0.311981 0.0452891 1.13882 0.243072 -0.697274
1.7 0.325351 0.0610045 0.31924 0.0933347 0.12648 0.0803487 -0.00866494 0.00842138 0.0659303 0.0749248 0.209071 0.0400726 0.828337 0.156759 0.131063
1.9 0.416246 0.122883 0.480775 0.168532 0.0845498 0.0870576 0.307718 0.155015 0.366646 0.279971 0.349532 0.064877 1.65593 0.391786 1.787
