-1.25 -0.236364 0.0218518 -1.25 0.767677 0.039381 0.264646 0.0231223
-0.9 -0.0909091 0.0214275 -0.9375 0.589899 0.0690425 0.137374 0.033318
-0.7 0.277778 0.0374555 -0.8125 0.476768 0.0620699 0.0808081 0.0255538
-0.5 0.479798 0.0492262 -0.6875 0.355556 0.053602 -0.169697 0.0370309
-0.35 1.07071 0.103996 -0.5625 0.840404 0.0824084 -0.0323232 0.0161616
-0.25 2.0303 0.143207 -0.4375 0.743434 0.0775084 -0.040404 0.0180692
-0.15 2.90909 0.17142 -0.3125 1.46263 0.108716 -0.153535 0.0352234
0 4.30303 0.147419 -0.1875 2.1899 0.133027 -0.177778 0.0379023
0.15 3.09091 0.176696 0 3.56768 0.120062 -0.282828 0.0338044
0.25 1.76768 0.133624 0.1875 1.89899 0.123876 -0.331313 0.0517424
0.35 1.41414 0.119517 0.3125 1.12323 0.0952713 -0.169697 0.0370309
0.5 0.328283 0.0407185 0.4375 0.70303 0.0753728 -0.129293 0.0323232
0.7 0.358586 0.0425563 0.5625 0.678788 0.0740618 -0.105051 0.0291358
0.9 -0.186869 0.030721 0.6875 0.290909 0.0484848 -0.0161616 0.011428
1.25 -0.284848 0.0239886 0.8125 0.258586 0.045712 -0.00808081 0.00808081
0 -nan -nan 0.9375 0.549495 0.0666361 0.145455 0.034284
0 -nan -nan 1.25 0.686869 0.0372507 0.210101 0.0206021
