0.025 13.7399 0.275238 11.9501 0.266693
0.075 4.05804 0.156887 4.43588 0.151228
0.125 1.10068 0.0632914 1.50632 0.0704405
0.175 0.582707 0.0415356 0.948241 0.0543279
0.225 0.329469 0.0221525 0.637304 0.0302523
0.275 0.189196 0.0126687 0.522177 0.0298426
0.325 0.159186 0.0122627 0.548037 0.0328012
0.375 0.137413 0.0133111 0.60425 0.0311842
0.425 0.126468 0.0172826 0.584893 0.0298937
0.475 0.0956105 0.00875193 0.614624 0.039527
0.55 0.0715905 0.00733914 0.571686 0.0212473
0.65 0.0763437 0.008961 0.586685 0.0243388
0.75 0.0582915 0.0064671 0.576496 0.0230751
0.9 0.0526155 0.00559111 0.542782 0.0208939
