-1.25 0.787879 0.0398958 -1.25 1.91313 0.0621684 0.533333 0.0328244
-0.9 1.46465 0.086007 -0.9375 2.85253 0.151825 0.40404 0.0571399
-0.7 2.23737 0.106301 -0.8125 2.84444 0.151609 0.39596 0.0565657
-0.5 3.81313 0.138774 -0.6875 3.15152 0.159583 0.525253 0.0651496
-0.35 4.93939 0.223367 -0.5625 3.4101 0.166001 0.460606 0.0610088
-0.25 6.14141 0.249067 -0.4375 3.91111 0.177778 0.50101 0.0636283
-0.15 8.10101 0.286057 -0.3125 4.36364 0.187781 0.484848 0.0625937
0 8.62121 0.208666 -0.1875 5.44646 0.20979 0.678788 0.0740618
0.15 8.06061 0.285342 0 7.34949 0.172322 0.60202 0.0493194
0.25 6.15152 0.249272 0.1875 6.21414 0.224088 0.492929 0.0631131
0.35 4.51515 0.213559 0.3125 4.90505 0.19909 0.476768 0.0620699
0.5 1.4899 0.0867453 0.4375 3.9596 0.178876 0.476768 0.0620699
0.7 2.24747 0.106541 0.5625 3.53131 0.168926 0.444444 0.0599289
0.9 1.40909 0.0843601 0.6875 3.20808 0.161009 0.638384 0.0718238
1.25 0.705051 0.0377405 0.8125 2.68283 0.147239 0.371717 0.0548067
0 -nan -nan 0.9375 2.45657 0.140894 0.420202 0.0582715
0 -nan -nan 1.25 1.79394 0.0602007 0.385859 0.0279197
