5 0.0131728 0.00116432 0.0527941 0.00233092 0.0983843 0.00318197 0.0935474 0.00310277 0.0733766 0.00274797 0.047031 0.00220002
15 0.044664 0.00214394 0.14346 0.00384237 0.0961202 0.00314515 0.0542348 0.00236251 0.0337553 0.00186382 0.00586601 0.000776972
25 0.0774931 0.002824 0.105485 0.00329481 0.0438407 0.00212409 0.0235669 0.00155735 0.0099825 0.00101357 0.000205825 0.00014554
35 0.0958115 0.00314009 0.0630853 0.00254799 0.021097 0.00147348 0.00843882 0.000931912 0.00133786 0.000371056 0.000102912 0.000102912
45 0.0938561 0.00310789 0.0445611 0.00214147 0.0163631 0.00129768 0.00308737 0.000563675 0 0 0.000102912 0.000102912
55 0.0894309 0.00303374 0.0286097 0.00171589 0.00720387 0.000861027 0.000823299 0.00029108 0 0 0 0
65 0.0915921 0.00307017 0.018833 0.00139217 0.00349902 0.000600077 0.000102912 0.000102912 0 0 0 0
75 0.10672 0.00331404 0.0113204 0.00107935 0.00144077 0.000385063 0.000102912 0.000102912 0 0 0 0
85 0.118041 0.00348537 0.00535145 0.000742112 0.000617475 0.000252083 0 0 0 0 0 0
95 0.442523 0.00674842 0.0049398 0.000712998 0.000720387 0.000272281 0 0 0 0 0 0
