2.5 0.267225 0.00427411
7.5 0.435601 0.00346274
12.5 0.568335 0.00352395
17.5 0.657213 0.00351589
22.5 0.712529 0.00343066
27.5 0.760322 0.0033387
32.5 0.789312 0.00326904
37.5 0.812714 0.0032147
42.5 0.831521 0.00298668
47.5 0.850935 0.00281644
52.5 0.859641 0.00267456
57.5 0.864075 0.00266114
62.5 0.873429 0.00264151
67.5 0.881385 0.00240366
72.5 0.886747 0.00242371
77.5 0.891824 0.00220474
82.5 0.89968 0.00211977
87.5 0.901436 0.00210352
92.5 0.90877 0.00187101
97.5 0.90987 0.00194084
102.5 0.907938 0.00154656
107.5 0.917255 0.00158195
112.5 0.918612 0.00180638
117.5 0.925782 0.00186142
122.5 0.927783 0.00219864
127.5 0.932316 0.00237186
132.5 0.94268 0.00203364
137.5 0.939852 0.00241015
142.5 0.942991 0.00238934
147.5 0.944932 0.0029303
152.5 0.943304 0.00299093
157.5 0.94891 0.00386589
162.5 0.954117 0.00284344
167.5 0.955874 0.00331092
172.5 0.959001 0.0040539
177.5 0.957096 0.00349337
182.5 0.960439 0.00522487
187.5 0.963634 0.00408765
192.5 0.957058 0.00459539
197.5 0.959671 0.00513947
