0.1 0.470074 0.0584685 0.558626 0.10971 -0.749731 0.259305 -2.47156 0.489312 -28.9054 2.05443 0.142357 0.0213918 -31.098 2.13138 -31.098
0.3 1.56638 0.119615 1.74944 0.15947 0.22883 0.174239 -0.689155 0.230741 -1.98899 0.691653 0.495638 0.0381925 0.866503 0.775708 -30.2315
0.5 2.23187 0.143902 2.28333 0.187423 0.474154 0.121103 -0.22743 0.156378 -0.723137 0.366917 0.588039 0.0485669 4.03879 0.479149 -26.1927
0.7 2.19701 0.137654 2.28501 0.170464 0.704036 0.0997261 -0.168224 0.0962788 -0.0352204 0.111851 0.790513 0.0567908 4.98262 0.282369 -21.2101
0.9 2.13217 0.126235 2.00735 0.140585 0.375468 0.071976 -0.049432 0.0471535 0.0220466 0.0220466 0.777367 0.0533883 4.4876 0.208781 -16.7225
1.1 1.5968 0.0937474 1.55595 0.101991 0.483487 0.0581645 0.203413 0.0819141 0.443492 0.153597 0.657572 0.0482866 4.28314 0.229947 -12.4393
1.3 1.14373 0.0746353 1.00951 0.0759236 0.3244 0.0545476 0.134606 0.067199 0.127572 0.0702008 0.562736 0.037985 2.73981 0.154124 -9.6995
1.5 0.707178 0.0568037 0.527078 0.059134 0.118019 0.0399856 0.0841845 0.0446624 0.142737 0.0827353 0.38284 0.0286827 1.5792 0.131005 -8.1203
1.7 0.432697 0.0428497 0.35407 0.0480234 0.168893 0.0348928 0.0606161 0.0342218 0.135359 0.0897134 0.307053 0.0253845 1.15164 0.120745 -6.96866
1.9 0.711834 0.0954233 0.876611 0.109897 0.393728 0.0723594 0.293116 0.0761259 0.994409 0.289329 0.403851 0.0424677 3.2697 0.340478 -3.69897
