0.1 0.548021 0.0980121 0.825906 0.198393 0.329359 0.434846 1.76857 0.893951 -29.1465 3.9471 0.109262 0.0333228 -25.6747 4.07637 -25.6747
0.3 1.36019 0.164951 1.943 0.266673 0.542706 0.215417 0.18325 0.269489 0.624918 0.513733 0.438405 0.0674974 4.65406 0.693739 -21.0206
0.5 1.69069 0.234987 2.09905 0.284477 0.743068 0.169931 0.144887 0.139443 0.890683 0.45904 0.60009 0.0822783 5.56838 0.628637 -15.4522
0.7 2.01146 0.229717 2.14209 0.291257 0.315847 0.130036 0.0249198 0.146682 0.119122 0.146853 0.64663 0.0909677 4.61344 0.444512 -10.8388
0.9 1.68675 0.189629 1.66113 0.226244 0.827556 0.162688 0.131595 0.174591 0.662358 0.396768 0.555128 0.0763912 4.96939 0.549108 -5.86941
1.1 1.15983 0.175343 1.29658 0.19246 0.532281 0.121696 -0.0140446 0.213063 0.4332 0.322844 0.555832 0.0798791 3.40784 0.481892 -2.46156
1.3 0.835992 0.131666 0.841503 0.128895 0.151409 0.115276 -0.043133 0.133095 0.212118 0.110372 0.405918 0.060631 1.99789 0.277731 -0.463673
1.5 0.469051 0.0936808 0.443212 0.0948924 0.136756 0.0836764 -0.0082708 0.0789522 0.149581 0.149581 0.28628 0.0446514 1.19033 0.231063 0.726657
1.7 0.283476 0.0741767 0.150262 0.0740503 0.0501205 0.0672674 0.0638439 0.043068 -0.00234761 0.00234761 0.213925 0.0416633 0.545355 0.131799 1.27201
1.9 0.2852 0.117228 0.249858 0.13418 0.203457 0.092688 0.0965009 0.0622681 0.492775 0.320174 0.311174 0.0745005 1.32779 0.383049 2.5998
