0.1 0.475731 0.0497144 0.336333 0.0954968 -0.863899 0.208884 -2.9732 0.399877 -26.6008 1.75852 -nan nan -29.6259 1.81866 -29.6259
0.3 1.44326 0.0984305 1.66679 0.142001 0.107676 0.156066 -0.379067 0.220044 -1.7578 0.700374 0.415782 0.031965 1.08085 0.770164 -28.545
0.5 1.86463 0.12097 2.08972 0.159701 0.472004 0.111839 -0.115518 0.133833 -0.916826 0.306942 0.587054 0.0440471 3.39401 0.40592 -25.151
0.7 2.05451 0.125484 2.05046 0.146626 0.720658 0.0922809 -0.139436 0.0998614 -0.0988056 0.128091 0.680522 0.0486686 4.58738 0.26859 -20.5636
0.9 1.94254 0.110133 1.93826 0.124356 0.53257 0.0722113 -0.101928 0.0474742 0.0422361 0.0637125 0.714192 0.0459306 4.35368 0.197791 -16.2099
1.1 1.49333 0.081693 1.29744 0.0907382 0.306283 0.0496408 0.0427164 0.0417952 0.0192051 0.0329656 0.584541 0.0405132 3.15897 0.142144 -13.051
1.3 1.02897 0.0629804 0.794465 0.0612799 0.247589 0.0477232 0.0948491 0.0535072 0.12425 0.0620685 0.481195 0.033236 2.29012 0.129286 -10.7608
1.5 0.626403 0.0484566 0.576257 0.054672 0.173308 0.0333067 0.0808897 0.0309842 0.160499 0.0757036 0.385554 0.0258966 1.61736 0.114619 -9.14349
1.7 0.419913 0.0369028 0.348624 0.0413093 0.18403 0.0314681 0.135913 0.0455259 0.209513 0.087411 0.272816 0.0222302 1.29799 0.117353 -7.8455
1.9 0.80319 0.0788338 0.99272 0.0944671 0.474138 0.0591073 0.328902 0.0721619 0.892593 0.225226 0.461548 0.0345846 3.49154 0.273068 -4.35395
