0.1 0.532473 0.087825 0.77364 0.177994 0.370137 0.42117 0.857324 0.7988 -28.7825 3.5526 0.0854017 0.03084 -26.2489 3.67094 -26.2489
0.3 1.22143 0.148653 1.63191 0.237842 0.450506 0.212454 0.054327 0.259195 0.587042 0.408922 0.434149 0.0559873 3.94521 0.5985 -22.3037
0.5 1.65998 0.209978 2.08026 0.258726 0.89853 0.151384 -0.00093621 0.109718 0.784672 0.3956 0.633439 0.0797089 5.42251 0.549986 -16.8812
0.7 1.90926 0.201284 2.12747 0.240229 0.436998 0.112645 0.0961059 0.125216 0.117109 0.398168 0.586754 0.0825707 4.68695 0.533977 -12.1942
0.9 1.74428 0.179119 1.49926 0.206263 0.870256 0.160017 0.116073 0.149582 0.549026 0.329091 0.635875 0.0734026 4.77889 0.48053 -7.41534
1.1 1.22035 0.151629 1.47568 0.169176 0.49772 0.113163 -0.110582 0.222664 0.463515 0.34843 0.517406 0.071467 3.54669 0.485181 -3.86865
1.3 0.864966 0.106701 0.961028 0.122488 0.245189 0.102853 -0.0461061 0.112118 0.178004 0.0933363 0.469402 0.0599194 2.20308 0.241349 -1.66557
1.5 0.527143 0.0786574 0.413048 0.108526 0.0722783 0.0807371 -0.00675908 0.0653365 0.124017 0.124017 0.275759 0.0440504 1.12973 0.210077 -0.535841
1.7 0.278911 0.0675785 0.24028 0.0769707 0.0532048 0.057579 0.111466 0.068487 0.0401538 0.0422671 0.173594 0.0365019 0.724015 0.142421 0.188174
1.9 0.386666 0.125151 0.349837 0.13183 0.203472 0.098112 0.141849 0.086934 0.57478 0.290253 0.337602 0.0694732 1.6566 0.366705 1.84478
