-1.25 -0.399526 0.0217636 -1.25 0.96147 0.0337618 0.333136 0.0198732
-0.9 -0.121517 0.0189778 -0.9375 0.436277 0.0454851 0.0474215 0.014996
-0.7 0.0889152 0.0162336 -0.8125 0.611737 0.0538604 -0.0806165 0.0195524
-0.5 0.533491 0.0397641 -0.6875 0.592768 0.0530188 -0.161233 0.0276512
-0.35 1.44043 0.0924034 -0.5625 0.459988 0.0467047 -0.213397 0.0318113
-0.25 2.13397 0.11247 -0.4375 1.10492 0.0723857 -0.360403 0.0413411
-0.15 3.56254 0.145319 -0.3125 1.42264 0.0821364 -0.303497 0.0379372
0 4.58803 0.116611 -0.1875 2.57024 0.110401 -0.403082 0.0437204
0.15 3.26615 0.139143 0 3.72258 0.0939496 -0.433906 0.0320753
0.25 2.06283 0.110579 0.1875 2.2051 0.102259 -0.554831 0.0512941
0.35 1.46414 0.0931608 0.3125 0.976882 0.0680626 -0.322466 0.0391047
0.5 0.337878 0.0316452 0.4375 0.744517 0.0594189 -0.407825 0.0439769
0.7 0.260818 0.0278033 0.5625 0.445762 0.0459768 -0.289271 0.0370373
0.9 -0.240071 0.0266746 0.6875 0.668643 0.0563099 -0.26556 0.035487
1.25 -0.380557 0.0212406 0.8125 0.488441 0.0481275 0.0569057 0.0164273
0 -nan -nan 0.9375 0.673385 0.0565092 0.06639 0.0177435
0 -nan -nan 1.25 0.90575 0.0327689 0.343806 0.020189
