0.025 13.9048 0.290796 12.2304 0.276382
0.075 3.87895 0.158198 4.29935 0.158536
0.125 1.14471 0.0649161 1.51681 0.0728086
0.175 0.539029 0.0327922 0.842481 0.0466414
0.225 0.311081 0.0201431 0.632098 0.0279428
0.275 0.221415 0.0170688 0.47888 0.0266748
0.325 0.153602 0.0118605 0.550323 0.0295879
0.375 0.171629 0.0114331 0.566213 0.0305507
0.425 0.140601 0.0118572 0.572833 0.030338
0.475 0.127009 0.011797 0.50354 0.0234529
0.55 0.117776 0.00884471 0.577565 0.0257557
0.65 0.0937512 0.00809851 0.540498 0.0252861
0.75 0.0760705 0.00954457 0.548292 0.0254717
0.9 0.0662458 0.00770401 0.523723 0.0192218
