-1.25 0.78125 0.043336 -1.25 2.06731 0.0704946 0.454327 0.0330474
-0.9 1.53846 0.0961538 -0.9375 2.51923 0.155639 0.548077 0.0725946
-0.7 2.56611 0.124183 -0.8125 3.04808 0.171197 0.490385 0.0686676
-0.5 3.89423 0.15298 -0.6875 3.75962 0.190132 0.423077 0.0637812
-0.35 5.73317 0.262504 -0.5625 4.18269 0.200545 0.538462 0.0719549
-0.25 7.06731 0.291451 -0.4375 4.30769 0.203519 0.432692 0.064502
-0.15 7.93269 0.30878 -0.3125 4.875 0.216506 0.355769 0.0584881
0 9.46514 0.238499 -0.1875 6.46154 0.249259 0.461538 0.0666173
0.15 8.01683 0.310413 0 7.75 0.193027 0.572115 0.0524457
0.25 6.38221 0.276964 0.1875 6.01923 0.240577 0.567308 0.0738572
0.35 5.82933 0.264696 0.3125 4.78846 0.214576 0.423077 0.0637812
0.5 2.0613 0.1113 0.4375 4.14423 0.199621 0.5 0.0693375
0.7 2.39183 0.119891 0.5625 4.16346 0.200083 0.461538 0.0666173
0.9 1.46034 0.0936806 0.6875 3.76923 0.190375 0.384615 0.060813
1.25 0.8125 0.0441942 0.8125 2.95192 0.168475 0.548077 0.0725946
0 -nan -nan 0.9375 2.875 0.166266 0.365385 0.0592732
0 -nan -nan 1.25 2.13462 0.071633 0.451923 0.0329599
