17.5 1.37089 0.00153763
22.5 1.13519 0.00151736
27.5 1.02396 0.00191831
32.5 0.990649 0.00259241
37.5 0.991643 0.0032247
42.5 1.0017 0.00369385
47.5 1.00407 0.00392582
52.5 1.00118 0.00446702
57.5 0.99971 0.00572157
62.5 0.987211 0.00692034
67.5 0.989972 0.00727855
72.5 1.00291 0.00909832
77.5 1.00037 0.00839984
82.5 0.991822 0.0141067
87.5 0.996402 0.0123617
92.5 1.02107 0.0139344
97.5 1.01689 0.0188483
102.5 0.971739 0.0199036
107.5 0.98836 0.0098013
112.5 0.97209 0.0088854
117.5 0.917161 0.0161629
122.5 0.806314 0.0395229
127.5 0.789241 0.0574416
132.5 0.620374 0.0519614
137.5 0.53593 0.092005
142.5 0.410549 -nan
147.5 0.201436 -nan
152.5 0.162483 -nan
157.5 0.107586 -nan
162.5 0.0759456 -nan
167.5 0 0
172.5 0 0
177.5 0.0436017 -nan
182.5 0 0
187.5 0 0
192.5 0 0
197.5 0 0
202.5 0.00847116 0.00288133
207.5 0 0
212.5 0.00276776 -nan
217.5 0 0
222.5 0 0
227.5 0 0
232.5 0 0
237.5 0 0
242.5 0 0
247.5 0 0
252.5 0 0
257.5 0.000785923 -nan
262.5 0 0
267.5 0 0
272.5 0 0
277.5 0 0
282.5 0 0
287.5 0 0
292.5 0 0
297.5 0 0
