2.5 0.280244 0.00424597
7.5 0.494075 0.00332445
12.5 0.652764 0.00308617
17.5 0.744395 0.00283305
22.5 0.79555 0.00259699
27.5 0.83429 0.00243219
32.5 0.857357 0.00226745
37.5 0.875044 0.00219517
42.5 0.888615 0.00196824
47.5 0.902127 0.00183308
52.5 0.908282 0.00171374
57.5 0.912021 0.00168606
62.5 0.918114 0.00167832
67.5 0.923291 0.00151197
72.5 0.926922 0.0015256
77.5 0.930459 0.00137265
82.5 0.935716 0.00131485
87.5 0.936833 0.00131788
92.5 0.94183 0.00115948
97.5 0.942645 0.00120255
102.5 0.941367 0.000955579
107.5 0.947212 0.000977463
112.5 0.948102 0.00111627
117.5 0.952834 0.00114143
122.5 0.954116 0.00135689
127.5 0.956886 0.00146177
132.5 0.963128 0.00126879
137.5 0.961802 0.00148356
142.5 0.963541 0.00147503
147.5 0.965157 0.00179888
152.5 0.964104 0.00182388
157.5 0.967558 0.00241594
162.5 0.970554 0.00172739
167.5 0.971956 0.00200994
172.5 0.97388 0.00250373
177.5 0.972887 0.00214252
182.5 0.974814 0.00322759
187.5 0.976702 0.0025423
192.5 0.972738 0.00283236
197.5 0.973945 0.00311596
