  105.485001  4.74700165  0.554778993  0.0722614974
  115.401001  4.5359993  0.531468987  0.0687649995
  125.527  4.74700165  0.552447975  0.0885785073
  135.442993  4.64099884  0.524475992  0.0967370123
  145.147995  4.85250092  0.552447975  0.0979024917
  155.695999  4.74700165  0.601399004  0.0920749903
  165.401001  4.53549957  0.643356979  0.0815850198
  175.315994  4.64149475  0.596737027  0.0734269917
  190.505997  9.91549683  0.468531013  0.0582755059
  220.464005  20.0419998  0.475524008  0.0594410151
  270.252991  29.8525009  0.680652976  0.0862469971
