0.1 0.607838 0.0737385 0.481163 0.136032 -0.815632 0.280777 -2.37062 0.612332 -36.8272 2.60753 0.184568 0.0243989 -38.9244 2.69758 -38.9244
0.3 1.91901 0.136805 2.07894 0.221303 0.405063 0.210797 -0.565411 0.239064 -1.03603 0.532606 0.604646 0.0463936 2.80157 0.673013 -36.1228
0.5 2.70281 0.163102 3.07001 0.23124 0.666012 0.155511 -0.137907 0.0918767 -0.253487 0.189042 0.987304 0.0676591 6.04744 0.385274 -30.0754
0.7 2.89959 0.174016 3.11786 0.197696 0.698113 0.106828 -0.0333613 0.0585964 -0.0803283 0.0790987 0.947725 0.0639987 6.60188 0.300778 -23.4735
0.9 2.73263 0.149901 2.36716 0.162322 0.707429 0.0940482 0.230934 0.132511 0.232121 0.154074 1.02906 0.0583497 6.27027 0.314582 -17.2033
1.1 2.05665 0.116664 1.83875 0.117729 0.646155 0.0825213 0.107602 0.0682483 0.256276 0.16908 0.812425 0.0545971 4.90544 0.259858 -12.2978
1.3 1.39512 0.0846101 1.22514 0.0900583 0.398213 0.0640783 0.0683493 0.06635 -0.0250887 0.082835 0.684422 0.0463684 3.06174 0.175041 -9.23608
1.5 0.725358 0.064683 0.678209 0.0668111 0.181882 0.0536741 0.0207918 0.0279524 -0.0315805 0.0443186 0.461448 0.0331978 1.57466 0.119474 -7.66142
1.7 0.439491 0.0471877 0.415637 0.0610072 0.191658 0.0476465 -0.0235437 0.0282355 0.151091 0.0768769 0.308309 0.0286925 1.17433 0.122172 -6.48708
1.9 0.81879 0.0976207 0.809948 0.1126 0.244894 0.0857182 0.149539 0.0674847 0.516216 0.240004 0.464948 0.0469151 2.53939 0.302841 -3.9477
