0.1 0.548765 0.0751896 0.624974 0.171801 -0.127508 0.346378 -0.479503 0.748772 -36.432 3.40279 0.169016 0.0295874 -35.8653 3.50639 -35.8653
0.3 1.75201 0.159978 2.23595 0.260725 0.246518 0.231798 -0.83048 0.302648 -1.02265 0.548274 0.554394 0.0575647 2.38134 0.734508 -33.4839
0.5 2.21111 0.18837 2.49926 0.233884 0.548603 0.167256 -0.0815403 0.0770795 -0.128303 0.0905865 0.824903 0.0734223 5.04913 0.36374 -28.4348
0.7 2.52062 0.184612 2.80444 0.241417 0.967504 0.131988 0.0456904 0.0936682 -0.048275 0.131479 0.815657 0.0744719 6.28998 0.368572 -22.1448
0.9 2.36938 0.160704 2.21844 0.198577 0.535077 0.120429 0.268837 0.17968 0.460275 0.23149 0.995585 0.0706401 5.85201 0.406982 -16.2928
1.1 1.81538 0.136986 1.65895 0.141046 0.541928 0.10456 0.152678 0.106127 0.403529 0.247082 0.702385 0.0625526 4.57246 0.349148 -11.7203
1.3 1.2062 0.0948517 1.04089 0.10246 0.342983 0.0853397 0.123624 0.0780668 0.0231758 0.0231758 0.593147 0.0519941 2.73687 0.182782 -8.98347
1.5 0.621666 0.0710809 0.614783 0.085611 0.134572 0.0675494 0.0237188 0.0189751 -0.0811207 0.0595561 0.39107 0.0397681 1.31362 0.144401 -7.66985
1.7 0.386411 0.0675377 0.389772 0.0782016 0.163656 0.0473299 -0.00246138 0.0216372 0.162991 0.136904 0.251113 0.0352076 1.10037 0.179242 -6.56948
1.9 0.568324 0.109891 0.592769 0.124681 0.274242 0.11117 0.13785 0.0738138 0.455378 0.276991 0.364671 0.0558673 2.02856 0.349503 -4.54092
