0.1 0.478952 0.109383 0.613919 0.242306 0.718643 0.503282 2.357 1.10101 -42.9408 4.93734 0.123254 0.0357013 -38.7723 5.09053 -38.7723
0.3 1.39109 0.19079 1.6954 0.334082 0.820805 0.259294 0.185265 0.30851 1.00591 0.603586 0.443586 0.074882 5.09846 0.821425 -33.6738
0.5 1.79619 0.256396 2.34087 0.334271 0.756639 0.201697 0.181704 0.201725 0.727538 0.374727 0.563765 0.0858318 5.80294 0.631879 -27.8709
0.7 1.99035 0.243902 2.14627 0.315683 0.519356 0.136398 0.00260754 0.132905 -0.0675656 0.152206 0.632432 0.0862999 4.59101 0.467524 -23.2799
0.9 1.71282 0.210136 1.79753 0.258673 0.271924 0.14937 0.455682 0.293071 0.876735 0.426847 0.778151 0.0908097 5.11469 0.633616 -18.1652
1.1 1.40862 0.172425 1.21919 0.174527 0.394662 0.145062 0.187051 0.126462 0.170179 0.292314 0.576334 0.0900644 3.3797 0.427402 -14.7855
1.3 1.02697 0.117908 0.773669 0.141814 0.154886 0.100703 0.137807 0.102557 -0.0421488 0.0421488 0.435742 0.0645294 2.05118 0.23759 -12.7343
1.5 0.55715 0.10588 0.336865 0.102557 -0.00570133 0.0628552 -0.02573 0.0362921 -0.0993603 0.0993603 0.230674 0.048575 0.763224 0.192012 -11.9711
1.7 0.239767 0.0837911 0.40732 0.088238 0.184829 0.0733541 -0.0239075 0.037213 0.152725 0.100662 0.167951 0.0414252 0.960732 0.17806 -11.0103
1.9 0.605223 0.147855 0.502633 0.14359 0.364269 0.16056 0.260318 0.130411 0.878451 0.517129 0.266094 0.0661631 2.61089 0.593876 -8.39944
