0.1 0.505557 0.100526 0.804448 0.223912 0.174314 0.469022 1.41457 1.04523 -43.7602 4.30765 0.163103 0.035619 -40.8613 4.46415 -40.8613
0.3 1.47953 0.190609 1.97634 0.333181 0.516824 0.242423 -0.216518 0.249465 0.186335 0.429497 0.452857 0.0682033 3.94252 0.672911 -36.9188
0.5 1.87427 0.241904 2.48128 0.32202 0.782173 0.207129 0.262644 0.164682 0.630345 0.325095 0.665404 0.0843651 6.03071 0.581312 -30.8881
0.7 2.19223 0.250776 2.30523 0.277768 0.682133 0.13725 -0.0952894 0.121115 0.0497653 0.171024 0.651173 0.0789301 5.13407 0.450333 -25.754
0.9 1.78693 0.195316 1.98692 0.249899 0.429288 0.143104 0.423839 0.255197 0.678118 0.362317 0.687609 0.0817355 5.30509 0.56345 -20.4489
1.1 1.47981 0.150108 1.28564 0.163627 0.468481 0.135162 0.393211 0.146434 0.71707 0.398991 0.648103 0.0818407 4.34421 0.498208 -16.1047
1.3 1.12569 0.108656 0.762124 0.129821 0.309323 0.092479 0.136705 0.104492 0.0378886 0.0378886 0.451776 0.0593623 2.37173 0.222635 -13.733
1.5 0.511843 0.0848573 0.409759 0.103861 0.0436275 0.0763623 0.0108032 0.0418921 -0.0858283 0.0858283 0.277375 0.0414838 0.890204 0.181495 -12.8428
1.7 0.38703 0.0697097 0.397418 0.0922975 0.108999 0.0540481 -0.048121 0.042454 0.131172 0.0866941 0.218066 0.0450995 0.976497 0.160055 -11.8663
1.9 0.372803 0.137948 0.452387 0.138741 0.356253 0.156003 0.225385 0.112986 0.827648 0.451731 0.287152 0.0586464 2.23448 0.528623 -9.63179
