0.1 0.544198 0.0539819 0.293254 0.101766 -0.970544 0.203406 -3.251 0.440119 -27.9447 1.97369 0.164988 0.0188261 -31.3288 2.03563 -31.3288
0.3 1.59001 0.106757 1.62042 0.164493 0.0665011 0.15026 -1.04498 0.241715 -2.12015 0.650272 0.465795 0.0392181 0.111801 0.736419 -31.217
0.5 2.22647 0.128972 2.62544 0.173936 0.436556 0.124232 -0.224704 0.124042 -0.430406 0.237215 0.741877 0.0491628 4.63336 0.36603 -26.5836
0.7 2.47837 0.143678 2.55809 0.165212 0.636213 0.0999482 -0.209969 0.097468 -0.251692 0.131925 0.907777 0.0516159 5.21101 0.29126 -21.3726
0.9 2.18489 0.120546 2.26599 0.138195 0.542596 0.0817044 -0.123881 0.0507864 -0.12746 0.077717 0.826689 0.05131 4.74214 0.221188 -16.6305
1.1 1.68968 0.0924543 1.55065 0.100593 0.400535 0.0575907 0.0351119 0.0375674 0.14088 0.096549 0.71546 0.0417755 3.81686 0.180877 -12.8136
1.3 1.18764 0.0648863 1.04889 0.0660897 0.359754 0.048681 0.0424324 0.0437223 0.00185488 0.0569879 0.571785 0.0340376 2.64057 0.126914 -10.1731
1.5 0.710309 0.0505363 0.539697 0.0552981 0.214788 0.0377227 0.0388117 0.0251591 0.148672 0.0765716 0.409495 0.0277441 1.65228 0.116323 -8.52078
1.7 0.458986 0.0367831 0.42308 0.0495458 0.189083 0.0369096 0.0530975 0.0426283 0.118227 0.0616365 0.236426 0.0227811 1.24247 0.103857 -7.2783
1.9 0.932753 0.0801979 1.02162 0.0872477 0.366005 0.0637233 0.170872 0.0456847 0.775489 0.199251 0.501559 0.0367313 3.26674 0.24473 -4.01156
