0.1 0.513501 0.0863419 0.498817 0.177868 0.278007 0.368576 0.141711 0.810079 -36.785 3.58664 0.150109 0.0318609 -35.3529 3.7007 -35.3529
0.3 1.64854 0.161603 2.17145 0.272149 0.472304 0.227345 -0.789788 0.338255 -1.12776 0.531453 0.550439 0.0633926 2.37474 0.740759 -32.9782
0.5 2.26107 0.21161 2.23892 0.241904 0.581128 0.160467 -0.0626526 0.0837595 0.22731 0.16831 0.645473 0.0751484 5.24577 0.405451 -27.7324
0.7 2.36731 0.199927 2.51256 0.256985 0.752059 0.122335 0.0829282 0.107585 -0.0166748 0.147863 0.779576 0.082449 5.69819 0.392958 -22.0342
0.9 2.18855 0.171553 1.95827 0.200987 0.490497 0.131226 0.313045 0.209425 0.545421 0.265565 0.903418 0.0767142 5.49579 0.44881 -16.5384
1.1 1.70517 0.144087 1.41044 0.142705 0.555024 0.110693 0.207697 0.127071 0.473575 0.282757 0.737375 0.0690934 4.35191 0.386623 -12.1865
1.3 1.12249 0.0936295 0.938908 0.107071 0.33933 0.0811037 0.0862135 0.0754562 0.0638779 0.0638779 0.612662 0.0561524 2.55082 0.191266 -9.63572
1.5 0.508518 0.0744504 0.577756 0.0952568 0.0900767 0.0624299 0.0216128 0.0216128 -0.0609738 0.0609738 0.38313 0.0420765 1.13699 0.150662 -8.49873
1.7 0.420315 0.0659529 0.449656 0.0752495 0.139168 0.0533377 0.000442219 0.0263914 0.191658 0.116452 0.229867 0.0345473 1.20124 0.164666 -7.29749
1.9 0.628733 0.112977 0.517283 0.121323 0.451458 0.120895 0.354582 0.196743 0.629166 0.324731 0.332757 0.060255 2.58122 0.431575 -4.71627
