0.1 0.695078 0.183548 0.373318 0.319144 -0.30724 0.722842 -2.14239 1.51805 -45.3057 4.32807
0.3 2.17938 0.821014 1.71137 0.335208 1.02152 0.398727 -0.582703 0.452727 0.299727 0.801065
0.5 2.05904 0.619038 2.3433 0.366426 1.76807 0.314109 0.084072 0.274569 0.571299 0.444462
0.7 2.61299 0.33127 2.74641 0.347741 1.63031 0.284394 1.29391 1.25059 -0.170683 0.363139
0.9 2.55042 0.365796 1.7434 0.281214 1.93224 0.32928 0.538023 0.383273 0.937192 0.664826
1.1 1.62911 0.294792 0.997 0.395095 1.02022 0.220828 0.290548 0.124812 0.400172 0.321329
1.3 1.23223 0.18185 0.921207 0.136464 0.969904 0.19587 0.182594 0.123991 0.612778 0.50192
1.5 0.621673 0.0984756 0.579561 0.131789 0.402235 0.138754 0.00940662 0.0724644 -0.231168 0.231168
1.7 0.519931 0.0863978 0.369464 0.102465 0.249608 0.102373 0.0227457 0.0637272 0.271246 0.268633
1.9 0.70472 0.254753 0.954452 0.264739 0.387064 0.148645 0.0643555 0.0381863 0.476978 0.452664
