-1.25 -0.337989 0.0307263 -1.25 0.843575 0.0485423 0.365922 0.0319707
-0.9 -0.321229 0.0473626 -0.9375 0.703911 0.0886844 0.111732 0.0353327
-0.7 0.174581 0.0349162 -0.8125 0.502793 0.074952 -0.0335196 0.0193525
-0.5 0.600559 0.0647599 -0.6875 0.480447 0.0732675 -0.167598 0.0432736
-0.35 1.29888 0.134688 -0.5625 0.614525 0.0828626 -0.234637 0.051202
-0.25 2.31844 0.179946 -0.4375 0.916201 0.101177 -0.189944 0.0460682
-0.15 3.58939 0.2239 -0.3125 1.73184 0.139105 -0.111732 0.0353327
0 4.47626 0.176802 -0.1875 2.21229 0.157221 -0.346369 0.0622097
0.15 3.50559 0.221271 0 3.41899 0.138205 -0.379888 0.0460682
0.25 2.1648 0.173881 0.1875 2.08939 0.152791 -0.268156 0.0547372
0.35 1.29888 0.134688 0.3125 1.30726 0.120856 -0.156425 0.0418062
0.5 0.363128 0.0503569 0.4375 0.815642 0.0954637 -0.324022 0.0601694
0.7 0.0977654 0.0261289 0.5625 0.446927 0.0706654 -0.156425 0.0418062
0.9 -0.146648 0.0320012 0.6875 0.469274 0.0724105 -0.223464 0.049968
1.25 -0.296089 0.0287587 0.8125 0.681564 0.0872654 -0.122905 0.0370573
0 -nan -nan 0.9375 0.715084 0.0893855 0.134078 0.038705
0 -nan -nan 1.25 0.980447 0.0523324 0.340782 0.030853
