0.025 13.9325 0.308139 12.329 0.31245
0.075 3.9665 0.176498 4.22288 0.167734
0.125 1.05634 0.063227 1.40375 0.0730081
0.175 0.521522 0.0375597 0.822135 0.0441993
0.225 0.288199 0.0210916 0.685749 0.0354864
0.275 0.234961 0.0181623 0.536532 0.0269277
0.325 0.165489 0.0142712 0.53624 0.0288346
0.375 0.156957 0.0146303 0.601691 0.032794
0.425 0.1337 0.0152672 0.585596 0.0339222
0.475 0.139777 0.0192911 0.640443 0.0348493
0.55 0.112399 0.00889081 0.59698 0.0264333
0.65 0.113871 0.0123127 0.647343 0.0300304
0.75 0.080071 0.0090125 0.597482 0.0244361
0.9 0.0841316 0.00835195 0.581143 0.0220485
