-0.9 1.21033 0.3981
-0.7 1.02378 0.199195
-0.5 1.18303 0.147897
-0.3 1.12608 0.0957756
-0.1 0.986307 0.0485094
0.1 0.904473 0.0118758
0.3 1.07595 0.0155585
0.5 1.0612 0.0158028
0.7 1.00398 0.0156126
0.9 0.931541 0.0153212
1.1 0.904794 0.0155451
1.3 0.855435 0.0151579
1.5 0.800613 0.0147343
1.7 0.767235 0.0147078
1.9 0.747535 0.0149468
2.1 0.740674 0.0152181
2.3 0.685522 0.0152283
2.5 0.696301 0.0166498
2.7 0.707365 0.0182466
2.9 0.690111 0.0198253
3.1 0.724941 0.0237716
3.3 0.771346 0.0285031
3.5 0.795458 0.0345656
3.7 0.860284 0.0432968
3.9 0.870254 0.0501819
4.1 0.847277 0.0627533
4.3 0.885041 0.0826858
4.5 0.965149 0.121092
4.7 1.31043 0.256341
4.9 0.672162 0.205319
5.1 0.617416 0.289449
5.3 0.38221 0.441338
5.5 0.573315 0.702165
5.7 1.14663 1.62158
