-1.25 57.6233 0.262934 -1.25 57.3533 0.262317 66.138 0.281691
-0.9 57.6125 0.415696 -0.9375 57.7852 0.526606 67.0426 0.567221
-0.7 58.1524 0.417639 -0.8125 57.5693 0.525621 66.1596 0.563474
-0.5 57.9064 0.416755 -0.6875 58.1692 0.528352 65.7564 0.561754
-0.35 58.3563 0.591665 -0.5625 56.9598 0.522831 66.0636 0.563065
-0.25 58.8542 0.594184 -0.4375 58.1932 0.528461 66.3563 0.564311
-0.15 59.2741 0.5963 -0.3125 58.5387 0.530028 65.6845 0.561447
0 60.6209 0.426411 -0.1875 59.7864 0.535647 66.2603 0.563903
0.15 59.6341 0.598108 0 60.6791 0.381577 66.1116 0.398291
0.25 58.6683 0.593245 0.1875 59.7289 0.535389 65.5213 0.560749
0.35 56.6587 0.582996 0.3125 58.1404 0.528222 65.9244 0.562471
0.5 29.2921 0.29641 0.4375 58.2124 0.528548 66.4523 0.564719
0.7 57.7205 0.416085 0.5625 57.5309 0.525446 66.3515 0.56429
0.9 57.5405 0.415436 0.6875 57.4157 0.524919 65.8668 0.562226
1.25 56.6899 0.260795 0.8125 57.766 0.526518 66.7882 0.566144
0 -nan -nan 0.9375 56.2735 0.519672 67.2442 0.568073
0 -nan -nan 1.25 57.4745 0.262594 66.5327 0.28253
