2.5 0.113051 0.00306084
7.5 0.19787 0.00278425
12.5 0.333401 0.00335075
17.5 0.455164 0.00363571
22.5 0.557555 0.00352226
27.5 0.643709 0.0032087
32.5 0.699259 0.00297216
37.5 0.743538 0.00275919
42.5 0.77134 0.00252067
47.5 0.7968 0.00239308
52.5 0.815516 0.0022071
57.5 0.829114 0.00211312
62.5 0.841931 0.00204748
67.5 0.851742 0.00195485
72.5 0.864721 0.00184244
77.5 0.872551 0.00170767
82.5 0.882543 0.0016599
87.5 0.889411 0.00160277
92.5 0.897822 0.00144439
97.5 0.904143 0.00139366
102.5 0.915406 0.000952787
107.5 0.921239 0.00103633
112.5 0.923778 0.0011394
117.5 0.930131 0.0011768
122.5 0.931704 0.00133789
127.5 0.936444 0.001413
132.5 0.943107 0.00139272
137.5 0.9409 0.00162202
142.5 0.943015 0.00170605
147.5 0.947039 0.00179701
152.5 0.942386 0.0021922
157.5 0.949752 0.00228459
162.5 0.952833 0.00227344
167.5 0.953647 0.00215031
172.5 0.960159 0.00224776
177.5 0.955752 0.00280382
182.5 0.95801 0.00379183
187.5 0.957826 0.00357026
192.5 0.95821 0.00328752
197.5 0.959271 0.0037302
