17.5 1.21302 0.000835625
22.5 1.04587 0.00077912
27.5 0.973285 0.000786454
32.5 0.956293 0.000768144
37.5 0.962845 0.000670798
42.5 0.980525 0.000514146
47.5 0.997258 0.000375096
52.5 1.00646 0.000317577
57.5 1.00571 0.000325073
62.5 1.00419 0.000351896
67.5 1.00287 0.000390285
72.5 1.00262 0.000438808
77.5 1.00376 0.000487081
82.5 1.00428 0.000547542
87.5 1.00448 0.00062007
92.5 1.00532 0.000699641
97.5 1.00763 0.000782561
102.5 1.00911 0.00087433
107.5 1.01107 0.000960165
112.5 1.01357 0.00107235
117.5 1.01364 0.00121607
122.5 1.01479 0.00135996
127.5 1.01595 0.00146268
132.5 1.01719 0.00161482
137.5 1.01808 0.00182867
142.5 1.02059 0.00202063
147.5 1.02538 0.00223201
152.5 1.02845 0.0022902
157.5 1.02414 0.00256413
162.5 1.0277 0.0027131
167.5 1.03502 0.0029643
172.5 1.02585 0.00329311
177.5 1.03458 0.00366392
182.5 1.0403 0.00399415
187.5 1.04062 0.00435105
192.5 1.04035 0.00437038
197.5 1.03712 0.00554489
202.5 1.03928 0.00546504
207.5 1.04163 0.00444757
212.5 1.05373 0.0056574
217.5 1.04772 0.00595219
222.5 1.04716 0.00689715
227.5 1.04194 0.00827494
232.5 1.06108 0.00782219
237.5 1.06152 0.00927647
242.5 1.04394 0.0108626
247.5 1.05293 0.0112866
252.5 1.05994 0.0091919
257.5 1.06155 0.00937235
262.5 1.06251 0.0108734
267.5 1.05096 0.0134111
272.5 1.06812 0.0104556
277.5 1.01835 0.023219
282.5 1.04312 0.0227516
287.5 1.06603 0.0222493
292.5 1.05917 0.0172147
297.5 1.06884 0.0174067
