2.5 0.478109 0.00490373
7.5 0.722845 0.00310922
12.5 0.823563 0.00267805
17.5 0.872373 0.00245703
22.5 0.899332 0.00223452
27.5 0.917709 0.00216286
32.5 0.923956 0.0022512
37.5 0.934933 0.0021509
42.5 0.941697 0.00206995
47.5 0.94558 0.00196792
52.5 0.949132 0.00190404
57.5 0.953238 0.00172141
62.5 0.954338 0.00186548
67.5 0.958967 0.00163588
72.5 0.955643 0.00185207
77.5 0.960545 0.00149563
82.5 0.961111 0.00152582
87.5 0.963018 0.00160227
92.5 0.963395 0.00143191
97.5 0.963718 0.00151543
102.5 0.958161 0.00138837
107.5 0.96332 0.00132426
112.5 0.966769 0.00129335
117.5 0.969998 0.00127045
122.5 0.970277 0.00172111
127.5 0.973293 0.00147749
132.5 0.974848 0.00164748
137.5 0.974231 0.00177358
142.5 0.976367 0.00182115
147.5 0.978381 0.00177727
152.5 0.979245 0.00203239
157.5 0.9824 0.00202113
162.5 0.981117 0.00210078
167.5 0.983991 0.00224903
172.5 0.981259 0.00343008
177.5 0.983299 0.00298306
182.5 0.9828 0.0034731
187.5 0.985916 0.00309389
192.5 0.98442 0.00263213
197.5 0.984881 0.00344822
