0.1 1.14246 0.00991804
0.3 0.978378 0.013271
0.5 0.883399 0.014168
0.7 0.83671 0.0145705
0.9 0.797309 0.0145991
1.1 0.797544 0.0148115
1.3 0.762582 0.014538
1.5 0.741598 0.0145151
1.7 0.723604 0.0145747
1.9 0.730987 0.0154097
2.1 0.687771 0.0155241
2.3 0.750123 0.0176673
2.5 0.701332 0.0181672
2.7 0.780498 0.022057
2.9 0.840096 0.0260046
3.1 0.905411 0.0319514
3.3 1.06807 0.0414453
3.5 1.12613 0.051485
3.7 1.2007 0.0634333
3.9 1.20924 0.0774638
4.1 1.3564 0.11146
4.3 1.1202 0.128714
4.5 1.49247 0.222646
4.7 1.37918 0.281887
4.9 2.05004 0.655952
5.1 1.09824 0.517713
5.3 2.92863 1.98269
5.5 3.29471 3.8044
