-0.9 1.09824 0.366079
-0.7 0.980568 0.190788
-0.5 1.16797 0.144937
-0.3 1.06675 0.090982
-0.1 0.939766 0.0462853
0.1 0.941333 0.0120822
0.3 1.04797 0.015075
0.5 1.02205 0.0152077
0.7 0.966834 0.014998
0.9 0.924083 0.0150982
1.1 0.863387 0.014802
1.3 0.807214 0.0143802
1.5 0.776935 0.0142061
1.7 0.774442 0.0147401
1.9 0.7422 0.0146334
2.1 0.725686 0.0148575
2.3 0.750708 0.0160221
2.5 0.749153 0.0172873
2.7 0.75963 0.0189477
2.9 0.816017 0.0220048
3.1 0.933593 0.0283029
3.3 0.995276 0.0337985
3.5 1.21379 0.0467688
3.7 1.34895 0.0606307
3.9 1.38627 0.0695024
4.1 1.84271 0.114137
4.3 1.70185 0.134864
4.5 1.60261 0.179059
4.7 2.28994 0.406299
4.9 1.7258 0.417207
5.1 1.64735 0.613933
5.3 4.02687 2.62285
5.5 1.64735 1.50382
