PP (R=3) Fig1.: 
  Histogram: rVs3CaloResSpillProjAR5_1Corr_PP_DATA_PP_NEW_h
    Bin 1, 0.0660828, 0.00720982
    Bin 2, 0.118378, 0.00952991
    Bin 3, 0.145296, 0.00872615
    Bin 4, 0.148851, 0.0080618
    Bin 5, 0.139177, 0.00758085
    Bin 6, 0.115974, 0.00698632
    Bin 7, 0.11136, 0.00664369
    Bin 8, 0.0832191, 0.00634011
    Bin 9, 0.082417, 0.00609837
    Bin 10, 0.147404, 0.0114038
  Histogram: rVs3CaloResSpillProjAR1_2Corr_PP_DATA_PP_NEW_h
    Bin 1, 0.105443, 0.0220769
    Bin 2, 0.321993, 0.0204108
    Bin 3, 0.382543, 0.0156888
    Bin 4, 0.376432, 0.0137189
    Bin 5, 0.32278, 0.0123975
    Bin 6, 0.264375, 0.0113716
    Bin 7, 0.206317, 0.0106942
    Bin 8, 0.162648, 0.0097952
    Bin 9, 0.144977, 0.0094121
    Bin 10, 0.303889, 0.0172053
  Histogram: rVs3CaloResSpillProjAR2_4Corr_PP_DATA_PP_NEW_h
    Bin 1, 0.0811949, 0.0574693
    Bin 2, 0.662564, 0.0370006
    Bin 3, 0.698528, 0.024501
    Bin 4, 0.623394, 0.0205144
    Bin 5, 0.491098, 0.0181977
    Bin 6, 0.404091, 0.0160794
    Bin 7, 0.323595, 0.0142342
    Bin 8, 0.256976, 0.0135596
    Bin 9, 0.223064, 0.0119931
    Bin 10, 0.445247, 0.021571
  Histogram: rVs3CaloResSpillProjAR4_8Corr_PP_DATA_PP_NEW_h
    Bin 1, -0.200614, 0.121604
    Bin 2, 0.911651, 0.0531479
    Bin 3, 0.792779, 0.0321408
    Bin 4, 0.694513, 0.0271574
    Bin 5, 0.564204, 0.0241455
    Bin 6, 0.434456, 0.0201015
    Bin 7, 0.320823, 0.0174036
    Bin 8, 0.271338, 0.0155529
    Bin 9, 0.254482, 0.0155362
    Bin 10, 0.428291, 0.0246238
  Histogram: rVs3CaloResSpillProjAR8_100Corr_PP_DATA_PP_NEW_h
    Bin 1, -18.9744, 0.491196
    Bin 2, 0.86885, 0.0690848
    Bin 3, 1.06016, 0.0517273
    Bin 4, 0.823908, 0.0447275
    Bin 5, 0.67563, 0.038541
    Bin 6, 0.520299, 0.0327254
    Bin 7, 0.411068, 0.0306218
    Bin 8, 0.306764, 0.0240861
    Bin 9, 0.277792, 0.0253687
    Bin 10, 0.644511, 0.0418211
  Histogram: rVs3CaloResSpillProjARFCorr_PP_DATA_PP_NEW_h
    Bin 1, -18.9223, 0.485628, 1.31812
    Bin 2, 2.88344, 0.116665, 0.222601
    Bin 3, 3.07931, 0.0803219, 0.231432
    Bin 4, 2.6671, 0.0692069, 0.258713
    Bin 5, 2.19289, 0.0613213, 0.23822
    Bin 6, 1.7392, 0.0522144, 0.185496
    Bin 7, 1.37316, 0.0478812, 0.129235
    Bin 8, 1.08095, 0.0405153, 0.101482
    Bin 9, 0.982732, 0.0398672, 0.140121
    Bin 10, 1.96934, 0.0730498, 0.279513
PbPb 30100 (R=3) Fig1.: 
  Histogram: rVs3CaloResSpillProjAR5_1Corr_30100_DATA_PbPb_NEW_h
    Bin 1, 0.256341, 0.0553266
    Bin 2, 0.416154, 0.0973222
    Bin 3, 0.187712, 0.121142
    Bin 4, 0.342502, 0.132734
    Bin 5, 0.210229, 0.139229
    Bin 6, 0.332709, 0.145921
    Bin 7, 0.31136, 0.140828
    Bin 8, 0.146563, 0.132747
    Bin 9, 0.118024, 0.12176
    Bin 10, 0.78515, 0.256048
  Histogram: rVs3CaloResSpillProjAR1_2Corr_30100_DATA_PbPb_NEW_h
    Bin 1, 0.428538, 0.0872301
    Bin 2, 0.785872, 0.120842
    Bin 3, 0.740974, 0.133125
    Bin 4, 0.806211, 0.14493
    Bin 5, 0.651676, 0.14755
    Bin 6, 0.156473, 0.148485
    Bin 7, 0.260873, 0.14922
    Bin 8, -0.0675779, 0.151262
    Bin 9, 0.282798, 0.141878
    Bin 10, 0.180399, 0.264245
  Histogram: rVs3CaloResSpillProjAR2_4Corr_30100_DATA_PbPb_NEW_h
    Bin 1, 0.671452, 0.149666
    Bin 2, 0.812906, 0.127155
    Bin 3, 0.783611, 0.109608
    Bin 4, 0.624705, 0.110098
    Bin 5, 0.584525, 0.111553
    Bin 6, 0.313965, 0.110478
    Bin 7, 0.536321, 0.106884
    Bin 8, 0.2089, 0.105189
    Bin 9, 0.22609, 0.0983285
    Bin 10, 0.123861, 0.176756
  Histogram: rVs3CaloResSpillProjAR4_8Corr_30100_DATA_PbPb_NEW_h
    Bin 1, 0.116336, 0.293064
    Bin 2, 0.67865, 0.122055
    Bin 3, 0.786336, 0.0835071
    Bin 4, 0.643555, 0.0724757
    Bin 5, 0.465511, 0.06749
    Bin 6, 0.366814, 0.0604985
    Bin 7, 0.163444, 0.0570236
    Bin 8, 0.15237, 0.0487302
    Bin 9, 0.120805, 0.0631424
    Bin 10, 0.226018, 0.0869025
  Histogram: rVs3CaloResSpillProjAR8_100Corr_30100_DATA_PbPb_NEW_h
    Bin 1, -20.9033, 1.2979
    Bin 2, 0.421973, 0.153908
    Bin 3, 0.803084, 0.118362
    Bin 4, 0.455771, 0.0847808
    Bin 5, 0.453292, 0.0867538
    Bin 6, 0.305995, 0.082761
    Bin 7, 0.3663, 0.0842575
    Bin 8, 0.286661, 0.0821852
    Bin 9, 0.242636, 0.0712644
    Bin 10, 0.284547, 0.0841855
  Histogram: rVs3CaloResSpillProjARFCorr_30100_DATA_PbPb_NEW_h
    Bin 1, -19.4307, 1.29646, 2.3328
    Bin 2, 3.11556, 0.305169, 0.380769
    Bin 3, 3.30172, 0.278441, 0.293924
    Bin 4, 2.87275, 0.262554, 0.271625
    Bin 5, 2.36523, 0.263768, 0.26509
    Bin 6, 1.47596, 0.267723, 0.207115
    Bin 7, 1.6383, 0.261638, 0.156251
    Bin 8, 0.726916, 0.249601, 0.144248
    Bin 9, 0.990352, 0.242017, 0.178071
    Bin 10, 1.59997, 0.458536, 0.364081
PbPb 030 (R=3) Fig1.: 
  Histogram: rVs3CaloResSpillProjAR5_1Corr_030_DATA_PbPb_NEW_h
    Bin 1, 0.172294, 0.0598304
    Bin 2, 0.67577, 0.102074
    Bin 3, 0.854336, 0.129149
    Bin 4, 0.470599, 0.14676
    Bin 5, 0.6785, 0.154995
    Bin 6, 0.618474, 0.160944
    Bin 7, 0.145783, 0.154798
    Bin 8, 0.19251, 0.146784
    Bin 9, 0.353104, 0.147939
    Bin 10, 0.743324, 0.327623
  Histogram: rVs3CaloResSpillProjAR1_2Corr_030_DATA_PbPb_NEW_h
    Bin 1, 0.509725, 0.0756818
    Bin 2, 1.19728, 0.118293
    Bin 3, 1.41748, 0.142005
    Bin 4, 1.04448, 0.157113
    Bin 5, 1.11126, 0.165297
    Bin 6, 0.678707, 0.16698
    Bin 7, 0.0782652, 0.165263
    Bin 8, 0.190579, 0.162471
    Bin 9, 0.426477, 0.158849
    Bin 10, 0.362177, 0.311383
  Histogram: rVs3CaloResSpillProjAR2_4Corr_030_DATA_PbPb_NEW_h
    Bin 1, 0.839115, 0.0982258
    Bin 2, 1.14309, 0.101716
    Bin 3, 0.766903, 0.103811
    Bin 4, 0.555726, 0.110244
    Bin 5, 0.504062, 0.117291
    Bin 6, 0.400349, 0.114802
    Bin 7, 0.121877, 0.112533
    Bin 8, 0.222644, 0.108645
    Bin 9, -0.0243944, 0.103511
    Bin 10, 0.344847, 0.191263
  Histogram: rVs3CaloResSpillProjAR4_8Corr_030_DATA_PbPb_NEW_h
    Bin 1, 0.277684, 0.164183
    Bin 2, 0.638725, 0.0667383
    Bin 3, 0.58259, 0.0469758
    Bin 4, 0.37928, 0.0445972
    Bin 5, 0.273928, 0.0471045
    Bin 6, 0.256829, 0.0446903
    Bin 7, 0.186341, 0.0432478
    Bin 8, 0.128985, 0.0433405
    Bin 9, 0.199864, 0.0397861
    Bin 10, 0.202865, 0.0666176
  Histogram: rVs3CaloResSpillProjAR8_100Corr_030_DATA_PbPb_NEW_h
    Bin 1, -24.4369, 0.73737
    Bin 2, 0.318972, 0.0755575
    Bin 3, 0.582146, 0.0570827
    Bin 4, 0.504704, 0.0509042
    Bin 5, 0.365892, 0.0500591
    Bin 6, 0.25261, 0.0409264
    Bin 7, 0.204489, 0.0415166
    Bin 8, 0.138609, 0.0323133
    Bin 9, 0.0942558, 0.0245452
    Bin 10, 0.215544, 0.0527412
  Histogram: rVs3CaloResSpillProjARFCorr_030_DATA_PbPb_NEW_h
    Bin 1, -22.638, 0.74502, 3.00374
    Bin 2, 3.97384, 0.234644, 0.411578
    Bin 3, 4.20346, 0.246092, 0.663784
    Bin 4, 2.95479, 0.261403, 0.524664
    Bin 5, 2.93365, 0.280373, 0.446153
    Bin 6, 2.20697, 0.279915, 0.311633
    Bin 7, 0.736756, 0.271741, 0.200698
    Bin 8, 0.873326, 0.260095, 0.210542
    Bin 9, 1.04931, 0.254141, 0.337215
    Bin 10, 1.86876, 0.577995, 1.14033
PP (R=3) Fig2.: 
  Histogram: rVs3CaloResSpillProjARD5_1Corr_PP_DATA_PP_NEW_h
    Bin 1, 0.050856, 0.00855686
    Bin 2, 0.114228, 0.011166
    Bin 3, 0.129003, 0.010183
    Bin 4, 0.125596, 0.00929755
    Bin 5, 0.109086, 0.00874942
    Bin 6, 0.0806089, 0.00811509
    Bin 7, 0.0884471, 0.00766635
    Bin 8, 0.0589951, 0.00729603
    Bin 9, 0.0662956, 0.00711855
    Bin 10, 0.0848857, 0.013203
  Histogram: rVs3CaloResSpillProjARD1_2Corr_PP_DATA_PP_NEW_h
    Bin 1, 0.0917009, 0.0261809
    Bin 2, 0.274837, 0.0240942
    Bin 3, 0.299211, 0.0177666
    Bin 4, 0.274701, 0.0153969
    Bin 5, 0.223174, 0.0136424
    Bin 6, 0.196827, 0.0129804
    Bin 7, 0.152309, 0.0122465
    Bin 8, 0.115635, 0.0110949
    Bin 9, 0.0942826, 0.0107304
    Bin 10, 0.189576, 0.0195071
  Histogram: rVs3CaloResSpillProjARD2_4Corr_PP_DATA_PP_NEW_h
    Bin 1, 0.147703, 0.0689878
    Bin 2, 0.574695, 0.0431032
    Bin 3, 0.518739, 0.0267321
    Bin 4, 0.418731, 0.021653
    Bin 5, 0.327802, 0.0192061
    Bin 6, 0.266534, 0.0165901
    Bin 7, 0.213496, 0.0151231
    Bin 8, 0.171724, 0.0145094
    Bin 9, 0.15237, 0.0133586
    Bin 10, 0.269627, 0.0225468
  Histogram: rVs3CaloResSpillProjARD4_8Corr_PP_DATA_PP_NEW_h
    Bin 1, 0.199607, 0.147413
    Bin 2, 0.80881, 0.0625454
    Bin 3, 0.522952, 0.0332708
    Bin 4, 0.442489, 0.0272111
    Bin 5, 0.318402, 0.0225584
    Bin 6, 0.268186, 0.019299
    Bin 7, 0.191968, 0.0176174
    Bin 8, 0.169954, 0.0154574
    Bin 9, 0.155615, 0.0154088
    Bin 10, 0.201608, 0.0241006
  Histogram: rVs3CaloResSpillProjARD8_100Corr_PP_DATA_PP_NEW_h
    Bin 1, -12.0425, 0.594758
    Bin 2, 0.661512, 0.0815459
    Bin 3, 0.588264, 0.0505156
    Bin 4, 0.443567, 0.0448417
    Bin 5, 0.338586, 0.0333866
    Bin 6, 0.28738, 0.0297813
    Bin 7, 0.240344, 0.027484
    Bin 8, 0.202368, 0.0230076
    Bin 9, 0.169926, 0.025684
    Bin 10, 0.350421, 0.0367898
  Histogram: rVs3CaloResSpillProjARDFCorr_PP_DATA_PP_NEW_h
    Bin 1, -11.5526, 0.58481, 1.34909
    Bin 2, 2.43408, 0.137184, 0.225061
    Bin 3, 2.05817, 0.0789367, 0.24281
    Bin 4, 1.70508, 0.0688126, 0.247024
    Bin 5, 1.31705, 0.0554747, 0.218713
    Bin 6, 1.09954, 0.0496691, 0.172347
    Bin 7, 0.886565, 0.0456418, 0.127924
    Bin 8, 0.718676, 0.0400965, 0.10531
    Bin 9, 0.638489, 0.0411293, 0.122554
    Bin 10, 1.09612, 0.0681398, 0.203538
PbPb 30100 (R=3) Fig2.: 
  Histogram: rVs3CaloResSpillProjARD5_1Corr_30100_DATA_PbPb_NEW_h
    Bin 1, 0.168687, 0.0679682
    Bin 2, 0.317527, 0.116809
    Bin 3, 0.122549, 0.148911
    Bin 4, 0.355489, 0.160308
    Bin 5, 0.223146, 0.172197
    Bin 6, 0.140181, 0.175296
    Bin 7, 0.202211, 0.171746
    Bin 8, 0.0197489, 0.163713
    Bin 9, 0.00683696, 0.150716
    Bin 10, 0.594656, 0.315949
  Histogram: rVs3CaloResSpillProjARD1_2Corr_30100_DATA_PbPb_NEW_h
    Bin 1, 0.406783, 0.10809
    Bin 2, 0.674221, 0.146666
    Bin 3, 0.478779, 0.163301
    Bin 4, 0.669319, 0.17456
    Bin 5, 0.305571, 0.178151
    Bin 6, 0.0228788, 0.181939
    Bin 7, 0.169374, 0.184227
    Bin 8, -0.161083, 0.185236
    Bin 9, 0.09371, 0.170155
    Bin 10, -0.0602778, 0.321934
  Histogram: rVs3CaloResSpillProjARD2_4Corr_30100_DATA_PbPb_NEW_h
    Bin 1, 0.878944, 0.186251
    Bin 2, 0.675491, 0.154422
    Bin 3, 0.569671, 0.137901
    Bin 4, 0.349996, 0.132988
    Bin 5, 0.311638, 0.136157
    Bin 6, 0.283598, 0.133932
    Bin 7, 0.509097, 0.123627
    Bin 8, 0.140559, 0.129596
    Bin 9, 0.25497, 0.117426
    Bin 10, -0.0693376, 0.214882
  Histogram: rVs3CaloResSpillProjARD4_8Corr_30100_DATA_PbPb_NEW_h
    Bin 1, 0.637938, 0.372816
    Bin 2, 0.510031, 0.142607
    Bin 3, 0.440053, 0.0951281
    Bin 4, 0.485913, 0.0805177
    Bin 5, 0.357337, 0.0837699
    Bin 6, 0.194956, 0.0645056
    Bin 7, 0.000725064, 0.0606113
    Bin 8, 0.0814263, 0.0604854
    Bin 9, 0.0798041, 0.0678788
    Bin 10, 0.145622, 0.100399
  Histogram: rVs3CaloResSpillProjARD8_100Corr_30100_DATA_PbPb_NEW_h
    Bin 1, -13.5239, 1.63622
    Bin 2, 0.536558, 0.197823
    Bin 3, 0.369728, 0.13067
    Bin 4, 0.225227, 0.0893742
    Bin 5, 0.237984, 0.0780307
    Bin 6, 0.101987, 0.0808228
    Bin 7, 0.219171, 0.0807968
    Bin 8, 0.161095, 0.0980498
    Bin 9, 0.154624, 0.0870998
    Bin 10, 0.0814176, 0.0676305
  Histogram: rVs3CaloResSpillProjARDFCorr_30100_DATA_PbPb_NEW_h
    Bin 1, -11.4315, 1.63144, 2.61228
    Bin 2, 2.71383, 0.375049, 0.225431
    Bin 3, 1.98078, 0.325325, 0.267001
    Bin 4, 2.08594, 0.307443, 0.242178
    Bin 5, 1.43568, 0.30761, 0.234674
    Bin 6, 0.7436, 0.312347, 0.186626
    Bin 7, 1.10058, 0.302312, 0.132099
    Bin 8, 0.241747, 0.299296, 0.104908
    Bin 9, 0.589945, 0.280894, 0.132972
    Bin 10, 0.692079, 0.560706, 0.38323
PbPb 030 (R=3) Fig2.: 
  Histogram: rVs3CaloResSpillProjARD5_1Corr_030_DATA_PbPb_NEW_h
    Bin 1, 0.183214, 0.0783521
    Bin 2, 0.343467, 0.131228
    Bin 3, 0.624867, 0.16759
    Bin 4, 0.433222, 0.190215
    Bin 5, 0.357596, 0.200258
    Bin 6, 0.557628, 0.208327
    Bin 7, -0.0714141, 0.201772
    Bin 8, 0.165147, 0.19419
    Bin 9, 0.457994, 0.189931
    Bin 10, 0.40008, 0.422894
  Histogram: rVs3CaloResSpillProjARD1_2Corr_030_DATA_PbPb_NEW_h
    Bin 1, 0.2633, 0.0993235
    Bin 2, 0.659283, 0.154518
    Bin 3, 0.964685, 0.184374
    Bin 4, 0.448425, 0.202757
    Bin 5, 0.803873, 0.2143
    Bin 6, 0.369168, 0.21814
    Bin 7, -0.134612, 0.217169
    Bin 8, 0.140081, 0.214705
    Bin 9, 0.549236, 0.208376
    Bin 10, 0.283285, 0.401629
  Histogram: rVs3CaloResSpillProjARD2_4Corr_030_DATA_PbPb_NEW_h
    Bin 1, 0.624915, 0.128553
    Bin 2, 0.636392, 0.130219
    Bin 3, 0.449873, 0.134789
    Bin 4, 0.328267, 0.143828
    Bin 5, 0.339533, 0.149841
    Bin 6, 0.242468, 0.150627
    Bin 7, 0.0913454, 0.145977
    Bin 8, 0.114782, 0.141289
    Bin 9, -0.0286823, 0.134112
    Bin 10, 0.169963, 0.244123
  Histogram: rVs3CaloResSpillProjARD4_8Corr_030_DATA_PbPb_NEW_h
    Bin 1, 0.70566, 0.219238
    Bin 2, 0.596187, 0.0834267
    Bin 3, 0.35351, 0.0588545
    Bin 4, 0.244152, 0.0564955
    Bin 5, 0.167616, 0.060962
    Bin 6, 0.123862, 0.0548818
    Bin 7, 0.0729619, 0.0530089
    Bin 8, 0.100133, 0.0555137
    Bin 9, 0.184965, 0.0501833
    Bin 10, 0.244776, 0.0849043
  Histogram: rVs3CaloResSpillProjARD8_100Corr_030_DATA_PbPb_NEW_h
    Bin 1, -14.9374, 1.00081
    Bin 2, 0.187132, 0.101967
    Bin 3, 0.260588, 0.0662722
    Bin 4, 0.240725, 0.0542615
    Bin 5, 0.199501, 0.0642573
    Bin 6, 0.131635, 0.0539847
    Bin 7, 0.154064, 0.0459221
    Bin 8, 0.100596, 0.0402775
    Bin 9, 0.0814918, 0.0287718
    Bin 10, 0.0538717, 0.0563185
  Histogram: rVs3CaloResSpillProjARDFCorr_030_DATA_PbPb_NEW_h
    Bin 1, -13.1603, 1.01008, 2.81866
    Bin 2, 2.42246, 0.304327, 0.538338
    Bin 3, 2.65352, 0.317088, 0.630488
    Bin 4, 1.69479, 0.337232, 0.473936
    Bin 5, 1.86812, 0.358261, 0.390384
    Bin 6, 1.42476, 0.36411, 0.259938
    Bin 7, 0.112346, 0.350219, 0.133334
    Bin 8, 0.620739, 0.342369, 0.0783967
    Bin 9, 1.24501, 0.327288, 0.232712
    Bin 10, 1.15197, 0.743713, 1.05503
PP (R=3) Fig3.: 
  Histogram: rVs3CaloResSpillProjARU5_1Corr_PP_DATA_PP_NEW_h
    Bin 1, 0.104304, 0.0133711
    Bin 2, 0.118718, 0.0181257
    Bin 3, 0.187468, 0.0166917
    Bin 4, 0.21347, 0.0157657
    Bin 5, 0.221089, 0.0147708
    Bin 6, 0.208832, 0.0133971
    Bin 7, 0.172604, 0.0130035
    Bin 8, 0.147356, 0.0124654
    Bin 9, 0.131079, 0.0116849
    Bin 10, 0.296018, 0.0220861
  Histogram: rVs3CaloResSpillProjARU1_2Corr_PP_DATA_PP_NEW_h
    Bin 1, 0.120993, 0.0410176
    Bin 2, 0.41644, 0.0380227
    Bin 3, 0.600077, 0.0313996
    Bin 4, 0.655028, 0.0276495
    Bin 5, 0.599658, 0.0257949
    Bin 6, 0.460172, 0.0225042
    Bin 7, 0.362621, 0.021147
    Bin 8, 0.298368, 0.0198016
    Bin 9, 0.29462, 0.0187908
    Bin 10, 0.575622, 0.0345148
  Histogram: rVs3CaloResSpillProjARU2_4Corr_PP_DATA_PP_NEW_h
    Bin 1, -0.125383, 0.103754
    Bin 2, 0.889908, 0.0709388
    Bin 3, 1.18441, 0.0516925
    Bin 4, 1.18552, 0.0449078
    Bin 5, 0.955812, 0.0402189
    Bin 6, 0.79909, 0.0366678
    Bin 7, 0.642083, 0.0314306
    Bin 8, 0.509188, 0.0298143
    Bin 9, 0.444217, 0.0248906
    Bin 10, 0.862713, 0.0485032
  Histogram: rVs3CaloResSpillProjARU4_8Corr_PP_DATA_PP_NEW_h
    Bin 1, -1.4307, 0.213597
    Bin 2, 1.20604, 0.0999348
    Bin 3, 1.53611, 0.0725791
    Bin 4, 1.40783, 0.063669
    Bin 5, 1.24925, 0.0602382
    Bin 6, 0.905114, 0.049415
    Bin 7, 0.679269, 0.0407733
    Bin 8, 0.5572, 0.0372172
    Bin 9, 0.556985, 0.0373255
    Bin 10, 0.96714, 0.0591348
  Histogram: rVs3CaloResSpillProjARU8_100Corr_PP_DATA_PP_NEW_h
    Bin 1, -38.3464, 0.773276
    Bin 2, 1.46439, 0.129544
    Bin 3, 2.3705, 0.12502
    Bin 4, 1.93087, 0.105654
    Bin 5, 1.64878, 0.101987
    Bin 6, 1.19633, 0.0841462
    Bin 7, 0.897407, 0.0797032
    Bin 8, 0.627796, 0.0599669
    Bin 9, 0.660106, 0.0598915
    Bin 10, 1.34359, 0.109863
  Histogram: rVs3CaloResSpillProjARUFCorr_PP_DATA_PP_NEW_h
    Bin 1, -39.6772, 0.767699, 2.84356
    Bin 2, 4.09549, 0.218224, 0.63862
    Bin 3, 5.87857, 0.187264, 0.471974
    Bin 4, 5.39272, 0.159159, 0.533706
    Bin 5, 4.67459, 0.153389, 0.503958
    Bin 6, 3.56954, 0.126956, 0.397215
    Bin 7, 2.75398, 0.117294, 0.290773
    Bin 8, 2.13991, 0.0963825, 0.268777
    Bin 9, 2.08701, 0.0910804, 0.386482
    Bin 10, 4.04509, 0.180565, 0.72271
PbPb 30100 (R=3) Fig3.: 
  Histogram: rVs3CaloResSpillProjARU5_1Corr_30100_DATA_PbPb_NEW_h
    Bin 1, 0.41533, 0.0948155
    Bin 2, 0.605589, 0.17426
    Bin 3, 0.29024, 0.208063
    Bin 4, 0.3344, 0.235561
    Bin 5, 0.203605, 0.236586
    Bin 6, 0.716522, 0.260577
    Bin 7, 0.527852, 0.245426
    Bin 8, 0.389358, 0.226415
    Bin 9, 0.325249, 0.20617
    Bin 10, 1.15105, 0.436656
  Histogram: rVs3CaloResSpillProjARU1_2Corr_30100_DATA_PbPb_NEW_h
    Bin 1, 0.435281, 0.147603
    Bin 2, 0.983628, 0.211986
    Bin 3, 1.30647, 0.228294
    Bin 4, 1.14086, 0.258088
    Bin 5, 1.36291, 0.259761
    Bin 6, 0.420022, 0.256347
    Bin 7, 0.412656, 0.254077
    Bin 8, 0.0885445, 0.261548
    Bin 9, 0.677209, 0.253986
    Bin 10, 0.642688, 0.461263
  Histogram: rVs3CaloResSpillProjARU2_4Corr_30100_DATA_PbPb_NEW_h
    Bin 1, 0.0769253, 0.251014
    Bin 2, 1.01353, 0.221878
    Bin 3, 1.30171, 0.178338
    Bin 4, 1.25949, 0.193234
    Bin 5, 1.21083, 0.192377
    Bin 6, 0.445969, 0.194743
    Bin 7, 0.632312, 0.202611
    Bin 8, 0.374381, 0.179897
    Bin 9, 0.237808, 0.177758
    Bin 10, 0.494956, 0.30956
  Histogram: rVs3CaloResSpillProjARU4_8Corr_30100_DATA_PbPb_NEW_h
    Bin 1, -1.31041, 0.467401
    Bin 2, 0.955555, 0.226248
    Bin 3, 1.64324, 0.158239
    Bin 4, 1.13467, 0.143874
    Bin 5, 0.851726, 0.113586
    Bin 6, 0.829305, 0.125085
    Bin 7, 0.557546, 0.118088
    Bin 8, 0.345942, 0.0818779
    Bin 9, 0.290579, 0.130384
    Bin 10, 0.380442, 0.164856
  Histogram: rVs3CaloResSpillProjARU8_100Corr_30100_DATA_PbPb_NEW_h
    Bin 1, -38.3665, 1.96494
    Bin 2, 0.345458, 0.239741
    Bin 3, 1.98679, 0.235348
    Bin 4, 1.20228, 0.177622
    Bin 5, 1.11934, 0.203613
    Bin 6, 0.872445, 0.184501
    Bin 7, 0.759579, 0.190583
    Bin 8, 0.629277, 0.148466
    Bin 9, 0.599231, 0.123723
    Bin 10, 0.674717, 0.207856
  Histogram: rVs3CaloResSpillProjARUFCorr_30100_DATA_PbPb_NEW_h
    Bin 1, -38.7494, 1.95721, 3.3571
    Bin 2, 3.90376, 0.520474, 0.727128
    Bin 3, 6.52846, 0.505266, 0.672171
    Bin 4, 5.07169, 0.483846, 0.66748
    Bin 5, 4.74841, 0.486809, 0.616667
    Bin 6, 3.28426, 0.496376, 0.433287
    Bin 7, 2.88994, 0.493442, 0.309388
    Bin 8, 1.8275, 0.445138, 0.329468
    Bin 9, 2.13008, 0.455089, 0.48663
    Bin 10, 3.34385, 0.791286, 1.38887
PbPb 030 (R=3) Fig3.: 
  Histogram: rVs3CaloResSpillProjARU5_1Corr_030_DATA_PbPb_NEW_h
    Bin 1, 0.100339, 0.0926583
    Bin 2, 1.13422, 0.161442
    Bin 3, 1.16565, 0.202294
    Bin 4, 0.535993, 0.230465
    Bin 5, 1.14755, 0.244134
    Bin 6, 0.740557, 0.253171
    Bin 7, 0.502956, 0.241172
    Bin 8, 0.310115, 0.224087
    Bin 9, 0.317621, 0.235082
    Bin 10, 1.21943, 0.517082
  Histogram: rVs3CaloResSpillProjARU1_2Corr_030_DATA_PbPb_NEW_h
    Bin 1, 0.773919, 0.11639
    Bin 2, 2.08604, 0.182956
    Bin 3, 2.04445, 0.221693
    Bin 4, 1.95366, 0.247132
    Bin 5, 1.58001, 0.259194
    Bin 6, 1.10253, 0.259122
    Bin 7, 0.321361, 0.254502
    Bin 8, 0.172155, 0.248376
    Bin 9, 0.150924, 0.245438
    Bin 10, 0.471605, 0.492065
  Histogram: rVs3CaloResSpillProjARU2_4Corr_030_DATA_PbPb_NEW_h
    Bin 1, 1.02465, 0.152018
    Bin 2, 1.84993, 0.160891
    Bin 3, 1.27896, 0.16215
    Bin 4, 0.93947, 0.171349
    Bin 5, 0.835902, 0.187488
    Bin 6, 0.751024, 0.177256
    Bin 7, 0.310538, 0.176524
    Bin 8, 0.513674, 0.16984
    Bin 9, 0.092458, 0.162627
    Bin 10, 0.587426, 0.306177
  Histogram: rVs3CaloResSpillProjARU4_8Corr_030_DATA_PbPb_NEW_h
    Bin 1, -0.601514, 0.24681
    Bin 2, 0.533739, 0.109214
    Bin 3, 1.10611, 0.0764818
    Bin 4, 0.7636, 0.071924
    Bin 5, 0.618368, 0.0740568
    Bin 6, 0.587581, 0.0746114
    Bin 7, 0.43097, 0.0723431
    Bin 8, 0.231575, 0.0690793
    Bin 9, 0.334921, 0.0646082
    Bin 10, 0.144733, 0.106845
  Histogram: rVs3CaloResSpillProjARU8_100Corr_030_DATA_PbPb_NEW_h
    Bin 1, -41.2048, 1.01216
    Bin 2, 0.603961, 0.111823
    Bin 3, 1.43461, 0.100254
    Bin 4, 1.22864, 0.0951275
    Bin 5, 0.894417, 0.0794792
    Bin 6, 0.611006, 0.0626355
    Bin 7, 0.36753, 0.0758896
    Bin 8, 0.253305, 0.0531337
    Bin 9, 0.265896, 0.04289
    Bin 10, 0.439797, 0.0985505
  Histogram: rVs3CaloResSpillProjARUFCorr_030_DATA_PbPb_NEW_h
    Bin 1, -39.9074, 1.02824, 4.66854
    Bin 2, 6.20789, 0.362423, 0.506895
    Bin 3, 7.02978, 0.385305, 1.06041
    Bin 4, 5.42136, 0.410591, 0.98932
    Bin 5, 5.07624, 0.446765, 0.940702
    Bin 6, 3.7927, 0.43658, 0.790754
    Bin 7, 1.93335, 0.429203, 0.668827
    Bin 8, 1.48082, 0.399783, 0.634085
    Bin 9, 1.16182, 0.402368, 0.654219
    Bin 10, 2.86299, 0.915833, 1.57098
PP (R=3) Fig4.: 
  Histogram: rVs3CaloResSpillProjA5_1Corr_PP_DATA_PP_NEW_h
    Bin 1, 0.701141, 0.0186158
    Bin 2, 1.41209, 0.0226811
    Bin 3, 1.83853, 0.0295372
    Bin 4, 2.36406, 0.0391861
  Histogram: rVs3CaloResSpillProjA1_2Corr_PP_DATA_PP_NEW_h
    Bin 1, 1.49172, 0.0333091
    Bin 2, 3.13384, 0.0405966
    Bin 3, 4.36968, 0.0531456
    Bin 4, 5.63544, 0.0718175
  Histogram: rVs3CaloResSpillProjA2_4Corr_PP_DATA_PP_NEW_h
    Bin 1, 2.21039, 0.0595051
    Bin 2, 4.9946, 0.0726703
    Bin 3, 7.18649, 0.0954774
    Bin 4, 9.16204, 0.124091
  Histogram: rVs3CaloResSpillProjA4_8Corr_PP_DATA_PP_NEW_h
    Bin 1, 2.29556, 0.103813
    Bin 2, 5.27986, 0.122965
    Bin 3, 7.80486, 0.156133
    Bin 4, 9.2432, 0.202298
  Histogram: rVs3CaloResSpillProjA8_100Corr_PP_DATA_PP_NEW_h
    Bin 1, -7.53546, 0.380787
    Bin 2, -15.5431, 0.401876
    Bin 3, -24.078, 0.464782
    Bin 4, -31.3644, 0.573699
  Histogram: rVs3CaloResSpillProjAFCorr_PP_DATA_PP_NEW_h
    Bin 1, -0.836651, 0.374189, 0.310235
    Bin 2, -0.7227, 0.399327, 0.635799
    Bin 3, -2.87842, 0.467478, 1.08238
    Bin 4, -4.95969, 0.577601, 1.83079
PbPb 50100 (R=3) Fig4.: 
  Histogram: rVs3CaloResSpillProjA5_1Corr_50100_DATA_PbPb_NEW_h
    Bin 1, 0.814749, 0.47011
    Bin 2, 2.15255, 0.497248
    Bin 3, 3.66521, 0.657947
    Bin 4, 4.47257, 0.775837
  Histogram: rVs3CaloResSpillProjA1_2Corr_50100_DATA_PbPb_NEW_h
    Bin 1, 2.66063, 0.450972
    Bin 2, 4.05754, 0.517157
    Bin 3, 5.89464, 0.639475
    Bin 4, 7.60601, 0.770038
  Histogram: rVs3CaloResSpillProjA2_4Corr_50100_DATA_PbPb_NEW_h
    Bin 1, 2.80624, 0.432351
    Bin 2, 4.88421, 0.493557
    Bin 3, 6.72334, 0.642176
    Bin 4, 9.17814, 0.780859
  Histogram: rVs3CaloResSpillProjA4_8Corr_50100_DATA_PbPb_NEW_h
    Bin 1, 2.61241, 0.595862
    Bin 2, 4.35555, 0.639781
    Bin 3, 6.47441, 0.745667
    Bin 4, 8.27814, 0.939626
  Histogram: rVs3CaloResSpillProjA8_100Corr_50100_DATA_PbPb_NEW_h
    Bin 1, -3.35506, 2.50096
    Bin 2, -17.699, 2.22266
    Bin 3, -24.8238, 2.69069
    Bin 4, -38.9896, 3.12015
  Histogram: rVs3CaloResSpillProjAFCorr_50100_DATA_PbPb_NEW_h
    Bin 1, 5.53897, 2.62968, 3.40572
    Bin 2, -2.24916, 2.446, 2.5
    Bin 3, -2.06616, 2.8313, 2.5
    Bin 4, -9.45473, 3.14319, 2.5
PbPb 3050 (R=3) Fig4.: 
  Histogram: rVs3CaloResSpillProjA5_1Corr_3050_DATA_PbPb_NEW_h
    Bin 1, 1.55637, 0.470099
    Bin 2, 3.13135, 0.490212
    Bin 3, 3.78735, 0.573485
    Bin 4, 4.41788, 0.681042
  Histogram: rVs3CaloResSpillProjA1_2Corr_3050_DATA_PbPb_NEW_h
    Bin 1, 1.42227, 0.50023
    Bin 2, 4.21186, 0.516691
    Bin 3, 6.87657, 0.646894
    Bin 4, 9.72485, 0.714478
  Histogram: rVs3CaloResSpillProjA2_4Corr_3050_DATA_PbPb_NEW_h
    Bin 1, 2.87607, 0.409009
    Bin 2, 5.43543, 0.435828
    Bin 3, 6.7534, 0.50627
    Bin 4, 9.1524, 0.591866
  Histogram: rVs3CaloResSpillProjA4_8Corr_3050_DATA_PbPb_NEW_h
    Bin 1, 1.80674, 0.35827
    Bin 2, 4.20952, 0.386537
    Bin 3, 4.894, 0.452002
    Bin 4, 5.53118, 0.491677
  Histogram: rVs3CaloResSpillProjA8_100Corr_3050_DATA_PbPb_NEW_h
    Bin 1, -10.7672, 1.46945
    Bin 2, -18.0077, 1.39235
    Bin 3, -28.1382, 1.52213
    Bin 4, -37.202, 1.6702
  Histogram: rVs3CaloResSpillProjAFCorr_3050_DATA_PbPb_NEW_h
    Bin 1, -3.10575, 1.65475, 2.5
    Bin 2, -1.01957, 1.66274, 2.5
    Bin 3, -5.82686, 1.82451, 2.5
    Bin 4, -8.37567, 1.99292, 2.53747
PbPb 1030 (R=3) Fig4.: 
  Histogram: rVs3CaloResSpillProjA5_1Corr_1030_DATA_PbPb_NEW_h
    Bin 1, 1.24032, 0.506371
    Bin 2, 4.0798, 0.503602
    Bin 3, 5.70027, 0.578261
    Bin 4, 9.15411, 0.639121
  Histogram: rVs3CaloResSpillProjA1_2Corr_1030_DATA_PbPb_NEW_h
    Bin 1, 3.39207, 0.534379
    Bin 2, 6.33926, 0.54178
    Bin 3, 9.87688, 0.58529
    Bin 4, 13.1173, 0.673948
  Histogram: rVs3CaloResSpillProjA2_4Corr_1030_DATA_PbPb_NEW_h
    Bin 1, 2.84364, 0.400566
    Bin 2, 5.19319, 0.400688
    Bin 3, 7.44586, 0.47734
    Bin 4, 8.85956, 0.512009
  Histogram: rVs3CaloResSpillProjA4_8Corr_1030_DATA_PbPb_NEW_h
    Bin 1, 1.64191, 0.257247
    Bin 2, 4.01732, 0.254724
    Bin 3, 4.34404, 0.300293
    Bin 4, 4.39716, 0.332547
  Histogram: rVs3CaloResSpillProjA8_100Corr_1030_DATA_PbPb_NEW_h
    Bin 1, -5.86153, 1.02334
    Bin 2, -17.7807, 0.899764
    Bin 3, -30.0037, 0.954587
    Bin 4, -39.6931, 0.985677
  Histogram: rVs3CaloResSpillProjAFCorr_1030_DATA_PbPb_NEW_h
    Bin 1, 3.25641, 1.31397, 2.78426
    Bin 2, 1.84889, 1.24405, 2.5
    Bin 3, -2.63667, 1.39271, 2.5
    Bin 4, -4.16497, 1.48268, 2.5
PbPb 010 (R=3) Fig4.: 
  Histogram: rVs3CaloResSpillProjA5_1Corr_010_DATA_PbPb_NEW_h
    Bin 1, 2.32133, 0.807275
    Bin 2, 5.87343, 0.818598
    Bin 3, 7.82358, 0.881307
    Bin 4, 8.52894, 0.972069
  Histogram: rVs3CaloResSpillProjA1_2Corr_010_DATA_PbPb_NEW_h
    Bin 1, 3.84006, 0.794504
    Bin 2, 7.47536, 0.795355
    Bin 3, 10.5655, 0.871008
    Bin 4, 11.7037, 0.944408
  Histogram: rVs3CaloResSpillProjA2_4Corr_010_DATA_PbPb_NEW_h
    Bin 1, 1.59654, 0.587848
    Bin 2, 5.83574, 0.577905
    Bin 3, 7.26776, 0.640438
    Bin 4, 9.84364, 0.702164
  Histogram: rVs3CaloResSpillProjA4_8Corr_010_DATA_PbPb_NEW_h
    Bin 1, 1.87957, 0.306565
    Bin 2, 3.75033, 0.301528
    Bin 3, 4.41721, 0.332801
    Bin 4, 3.9502, 0.356789
  Histogram: rVs3CaloResSpillProjA8_100Corr_010_DATA_PbPb_NEW_h
    Bin 1, -6.7941, 1.16024
    Bin 2, -20.188, 1.0011
    Bin 3, -33.4608, 1.01395
    Bin 4, -44.4201, 1.05694
  Histogram: rVs3CaloResSpillProjAFCorr_010_DATA_PbPb_NEW_h
    Bin 1, 2.8434, 1.74735, 2.5
    Bin 2, 2.74681, 1.6583, 2.5
    Bin 3, -3.38677, 1.76153, 2.5
    Bin 4, -10.3936, 1.90514, 3.68878
PP (R=3) Fig5.: 
  Histogram: rVs3CaloResSpillMultAFCorr_PP_DATA_PP_NEW_h
    Bin 1, 2.59903, 0.0679179, 0.720215
    Bin 2, 7.33359, 0.0822962, 1.31799
    Bin 3, 10.6851, 0.107271, 1.8372
    Bin 4, 13.8031, 0.141805, 2.29603
PbPb 50100 (R=3) Fig5.: 
  Histogram: rVs3CaloResSpillMultAFCorr_50100_DATA_PbPb_NEW_h
    Bin 1, 3.79747, 1.14803, 0.668153
    Bin 2, 8.12059, 1.17079, 1.10625
    Bin 3, 14.6903, 1.49076, 1.60148
    Bin 4, 18.302, 1.816, 2.25504
PbPb 3050 (R=3) Fig5.: 
  Histogram: rVs3CaloResSpillMultAFCorr_3050_DATA_PbPb_NEW_h
    Bin 1, 3.21981, 1.1552, 0.678163
    Bin 2, 11.2179, 1.20558, 1.49909
    Bin 3, 14.6105, 1.42157, 2.38703
    Bin 4, 20.0552, 1.65677, 3.53436
PbPb 1030 (R=3) Fig5.: 
  Histogram: rVs3CaloResSpillMultAFCorr_1030_DATA_PbPb_NEW_h
    Bin 1, 4.46504, 1.27801, 1.64401
    Bin 2, 15.1487, 1.26895, 1.83591
    Bin 3, 19.6011, 1.44923, 2.10714
    Bin 4, 27.7524, 1.64475, 2.52607
PbPb 010 (R=3) Fig5.: 
  Histogram: rVs3CaloResSpillMultAFCorr_010_DATA_PbPb_NEW_h
    Bin 1, 6.62623, 2.10774, 0.851472
    Bin 2, 19.5932, 2.09055, 1.77677
    Bin 3, 25.4449, 2.28314, 2.74904
    Bin 4, 30.1935, 2.45539, 3.99999
PP (R=2) Fig6.: 
  Histogram: rVs2CaloResSpillProjAR5_1Corr_PP_DATA_PP_NEW_h
    Bin 1, 0.0826647, 0.0080109
    Bin 2, 0.127702, 0.0104945
    Bin 3, 0.165047, 0.009809
    Bin 4, 0.161003, 0.00900689
    Bin 5, 0.143845, 0.00845268
    Bin 6, 0.107726, 0.00781934
    Bin 7, 0.0922205, 0.00736407
    Bin 8, 0.0673147, 0.00714141
    Bin 9, 0.0662833, 0.00685956
    Bin 10, 0.122234, 0.0126443
  Histogram: rVs2CaloResSpillProjAR1_2Corr_PP_DATA_PP_NEW_h
    Bin 1, 0.156215, 0.0245707
    Bin 2, 0.474044, 0.0224499
    Bin 3, 0.439034, 0.0175179
    Bin 4, 0.389817, 0.0152273
    Bin 5, 0.308041, 0.014092
    Bin 6, 0.235143, 0.0127565
    Bin 7, 0.197332, 0.0119042
    Bin 8, 0.160867, 0.0109793
    Bin 9, 0.127405, 0.0105674
    Bin 10, 0.271085, 0.0191486
  Histogram: rVs2CaloResSpillProjAR2_4Corr_PP_DATA_PP_NEW_h
    Bin 1, 0.390463, 0.0640927
    Bin 2, 1.01998, 0.0397426
    Bin 3, 0.766895, 0.0273928
    Bin 4, 0.635411, 0.0227564
    Bin 5, 0.465294, 0.0203715
    Bin 6, 0.405025, 0.0180253
    Bin 7, 0.304355, 0.0157937
    Bin 8, 0.244364, 0.015082
    Bin 9, 0.207248, 0.0128973
    Bin 10, 0.381674, 0.0235506
  Histogram: rVs2CaloResSpillProjAR4_8Corr_PP_DATA_PP_NEW_h
    Bin 1, 0.351021, 0.134976
    Bin 2, 1.45712, 0.0572003
    Bin 3, 0.850354, 0.0364454
    Bin 4, 0.676161, 0.0302829
    Bin 5, 0.509736, 0.0269954
    Bin 6, 0.39536, 0.0227802
    Bin 7, 0.292611, 0.0196592
    Bin 8, 0.250477, 0.0170241
    Bin 9, 0.246005, 0.0173399
    Bin 10, 0.391419, 0.0264788
  Histogram: rVs2CaloResSpillProjAR8_100Corr_PP_DATA_PP_NEW_h
    Bin 1, -21.6969, 0.573957
    Bin 2, 1.86605, 0.0884266
    Bin 3, 1.17232, 0.0608201
    Bin 4, 0.780726, 0.0507444
    Bin 5, 0.604974, 0.0450948
    Bin 6, 0.511662, 0.0387942
    Bin 7, 0.343137, 0.0327138
    Bin 8, 0.3097, 0.0266484
    Bin 9, 0.332083, 0.0276625
    Bin 10, 0.583625, 0.0463865
  Histogram: rVs2CaloResSpillProjARFCorr_PP_DATA_PP_NEW_h
    Bin 1, -20.7165, 0.570195, 2.03948
    Bin 2, 4.9449, 0.134646, 0.32075
    Bin 3, 3.39365, 0.0926243, 0.310971
    Bin 4, 2.64312, 0.0779242, 0.273269
    Bin 5, 2.03189, 0.0710484, 0.217225
    Bin 6, 1.65492, 0.06085, 0.160518
    Bin 7, 1.22966, 0.052702, 0.122804
    Bin 8, 1.03272, 0.0447131, 0.118903
    Bin 9, 0.979024, 0.0444666, 0.163446
    Bin 10, 1.75004, 0.0802974, 0.284614
PP (R=3) Fig6.: 
  Histogram: rVs3CaloResSpillProjAR5_1Corr_PP_DATA_PP_NEW_h
    Bin 1, 0.0660828, 0.00720982
    Bin 2, 0.118378, 0.00952991
    Bin 3, 0.145296, 0.00872615
    Bin 4, 0.148851, 0.0080618
    Bin 5, 0.139177, 0.00758085
    Bin 6, 0.115974, 0.00698632
    Bin 7, 0.11136, 0.00664369
    Bin 8, 0.0832191, 0.00634011
    Bin 9, 0.082417, 0.00609837
    Bin 10, 0.147404, 0.0114038
  Histogram: rVs3CaloResSpillProjAR1_2Corr_PP_DATA_PP_NEW_h
    Bin 1, 0.105443, 0.0220769
    Bin 2, 0.321993, 0.0204108
    Bin 3, 0.382543, 0.0156888
    Bin 4, 0.376432, 0.0137189
    Bin 5, 0.32278, 0.0123975
    Bin 6, 0.264375, 0.0113716
    Bin 7, 0.206317, 0.0106942
    Bin 8, 0.162648, 0.0097952
    Bin 9, 0.144977, 0.0094121
    Bin 10, 0.303889, 0.0172053
  Histogram: rVs3CaloResSpillProjAR2_4Corr_PP_DATA_PP_NEW_h
    Bin 1, 0.0811949, 0.0574693
    Bin 2, 0.662564, 0.0370006
    Bin 3, 0.698528, 0.024501
    Bin 4, 0.623394, 0.0205144
    Bin 5, 0.491098, 0.0181977
    Bin 6, 0.404091, 0.0160794
    Bin 7, 0.323595, 0.0142342
    Bin 8, 0.256976, 0.0135596
    Bin 9, 0.223064, 0.0119931
    Bin 10, 0.445247, 0.021571
  Histogram: rVs3CaloResSpillProjAR4_8Corr_PP_DATA_PP_NEW_h
    Bin 1, -0.200614, 0.121604
    Bin 2, 0.911651, 0.0531479
    Bin 3, 0.792779, 0.0321408
    Bin 4, 0.694513, 0.0271574
    Bin 5, 0.564204, 0.0241455
    Bin 6, 0.434456, 0.0201015
    Bin 7, 0.320823, 0.0174036
    Bin 8, 0.271338, 0.0155529
    Bin 9, 0.254482, 0.0155362
    Bin 10, 0.428291, 0.0246238
  Histogram: rVs3CaloResSpillProjAR8_100Corr_PP_DATA_PP_NEW_h
    Bin 1, -18.9744, 0.491196
    Bin 2, 0.86885, 0.0690848
    Bin 3, 1.06016, 0.0517273
    Bin 4, 0.823908, 0.0447275
    Bin 5, 0.67563, 0.038541
    Bin 6, 0.520299, 0.0327254
    Bin 7, 0.411068, 0.0306218
    Bin 8, 0.306764, 0.0240861
    Bin 9, 0.277792, 0.0253687
    Bin 10, 0.644511, 0.0418211
  Histogram: rVs3CaloResSpillProjARFCorr_PP_DATA_PP_NEW_h
    Bin 1, -18.9223, 0.485628, 1.31812
    Bin 2, 2.88344, 0.116665, 0.222601
    Bin 3, 3.07931, 0.0803219, 0.231432
    Bin 4, 2.6671, 0.0692069, 0.258713
    Bin 5, 2.19289, 0.0613213, 0.23822
    Bin 6, 1.7392, 0.0522144, 0.185496
    Bin 7, 1.37316, 0.0478812, 0.129235
    Bin 8, 1.08095, 0.0405153, 0.101482
    Bin 9, 0.982732, 0.0398672, 0.140121
    Bin 10, 1.96934, 0.0730498, 0.279513
PP (R=4) Fig6.: 
  Histogram: rVs4CaloResSpillProjAR5_1Corr_PP_DATA_PP_NEW_h
    Bin 1, 0.0464127, 0.00672008
    Bin 2, 0.0929675, 0.00899513
    Bin 3, 0.125513, 0.00816217
    Bin 4, 0.144698, 0.00758893
    Bin 5, 0.14114, 0.00702968
    Bin 6, 0.118052, 0.0064974
    Bin 7, 0.11461, 0.00618354
    Bin 8, 0.0853086, 0.00587694
    Bin 9, 0.0811274, 0.00565131
    Bin 10, 0.146896, 0.0105885
  Histogram: rVs4CaloResSpillProjAR1_2Corr_PP_DATA_PP_NEW_h
    Bin 1, 0.00424929, 0.0206592
    Bin 2, 0.214835, 0.0193237
    Bin 3, 0.330179, 0.0144443
    Bin 4, 0.370529, 0.0128692
    Bin 5, 0.324128, 0.0115633
    Bin 6, 0.290576, 0.0104845
    Bin 7, 0.223485, 0.00997993
    Bin 8, 0.170231, 0.00916889
    Bin 9, 0.159043, 0.008793
    Bin 10, 0.314821, 0.0160816
  Histogram: rVs4CaloResSpillProjAR2_4Corr_PP_DATA_PP_NEW_h
    Bin 1, -0.0678834, 0.0539658
    Bin 2, 0.336563, 0.0357922
    Bin 3, 0.533053, 0.0222903
    Bin 4, 0.586956, 0.0189716
    Bin 5, 0.514375, 0.0170138
    Bin 6, 0.433988, 0.0146125
    Bin 7, 0.351696, 0.0133243
    Bin 8, 0.278009, 0.0123867
    Bin 9, 0.231718, 0.0113698
    Bin 10, 0.456329, 0.0201025
  Histogram: rVs4CaloResSpillProjAR4_8Corr_PP_DATA_PP_NEW_h
    Bin 1, -0.529389, 0.1132
    Bin 2, 0.322967, 0.050602
    Bin 3, 0.622292, 0.0289032
    Bin 4, 0.697615, 0.0250987
    Bin 5, 0.61256, 0.0224069
    Bin 6, 0.458534, 0.0182839
    Bin 7, 0.339071, 0.0161196
    Bin 8, 0.264091, 0.0144581
    Bin 9, 0.25731, 0.0150655
    Bin 10, 0.468826, 0.0235977
  Histogram: rVs4CaloResSpillProjAR8_100Corr_PP_DATA_PP_NEW_h
    Bin 1, -16.9088, 0.447816
    Bin 2, 0.113734, 0.0717055
    Bin 3, 0.847272, 0.0442922
    Bin 4, 0.863288, 0.0408283
    Bin 5, 0.780798, 0.0365466
    Bin 6, 0.592675, 0.0311738
    Bin 7, 0.447621, 0.0281357
    Bin 8, 0.336431, 0.0228126
    Bin 9, 0.299135, 0.0236823
    Bin 10, 0.64802, 0.039102
  Histogram: rVs4CaloResSpillProjARFCorr_PP_DATA_PP_NEW_h
    Bin 1, -17.4554, 0.442431, 1.44233
    Bin 2, 1.08107, 0.118127, 0.459073
    Bin 3, 2.45831, 0.0701848, 0.19309
    Bin 4, 2.66309, 0.0632934, 0.263261
    Bin 5, 2.373, 0.0575956, 0.284658
    Bin 6, 1.89383, 0.0483395, 0.235211
    Bin 7, 1.47648, 0.0441867, 0.162649
    Bin 8, 1.13407, 0.0377563, 0.125052
    Bin 9, 1.02833, 0.037679, 0.16348
    Bin 10, 2.03489, 0.0681235, 0.309582
PP (R=5) Fig6.: 
  Histogram: rVs5CaloResSpillProjAR5_1Corr_PP_DATA_PP_NEW_h
    Bin 1, 0.0427326, 0.00635152
    Bin 2, 0.0687727, 0.00853925
    Bin 3, 0.100725, 0.0077096
    Bin 4, 0.120806, 0.00712127
    Bin 5, 0.1333, 0.00663166
    Bin 6, 0.114142, 0.0061138
    Bin 7, 0.112151, 0.00580565
    Bin 8, 0.0899601, 0.00556867
    Bin 9, 0.0816777, 0.00530918
    Bin 10, 0.158149, 0.00999406
  Histogram: rVs5CaloResSpillProjAR1_2Corr_PP_DATA_PP_NEW_h
    Bin 1, 0.0072269, 0.0193643
    Bin 2, 0.0714242, 0.0185897
    Bin 3, 0.227833, 0.0137178
    Bin 4, 0.327592, 0.0118605
    Bin 5, 0.307387, 0.0108282
    Bin 6, 0.295676, 0.00988843
    Bin 7, 0.225309, 0.00940789
    Bin 8, 0.180635, 0.00866003
    Bin 9, 0.172534, 0.00825023
    Bin 10, 0.325835, 0.0150651
  Histogram: rVs5CaloResSpillProjAR2_4Corr_PP_DATA_PP_NEW_h
    Bin 1, -0.126722, 0.050557
    Bin 2, 0.114293, 0.0349966
    Bin 3, 0.371085, 0.0214747
    Bin 4, 0.517505, 0.0174273
    Bin 5, 0.518151, 0.015717
    Bin 6, 0.435083, 0.0137879
    Bin 7, 0.354814, 0.0123886
    Bin 8, 0.277048, 0.0115132
    Bin 9, 0.241557, 0.0106082
    Bin 10, 0.462653, 0.0187602
  Histogram: rVs5CaloResSpillProjAR4_8Corr_PP_DATA_PP_NEW_h
    Bin 1, -0.587725, 0.105275
    Bin 2, 0.0798422, 0.051587
    Bin 3, 0.365964, 0.026459
    Bin 4, 0.619206, 0.0225219
    Bin 5, 0.595161, 0.0202601
    Bin 6, 0.460125, 0.0171845
    Bin 7, 0.369308, 0.0156623
    Bin 8, 0.281297, 0.0136324
    Bin 9, 0.281057, 0.013872
    Bin 10, 0.482416, 0.0224389
  Histogram: rVs5CaloResSpillProjAR8_100Corr_PP_DATA_PP_NEW_h
    Bin 1, -15.1583, 0.412443
    Bin 2, -0.127085, 0.0862746
    Bin 3, 0.470425, 0.0350616
    Bin 4, 0.757042, 0.0358057
    Bin 5, 0.774416, 0.0335205
    Bin 6, 0.571671, 0.0283735
    Bin 7, 0.445782, 0.026614
    Bin 8, 0.333735, 0.0216993
    Bin 9, 0.309135, 0.021774
    Bin 10, 0.633201, 0.0363496
  Histogram: rVs5CaloResSpillProjARFCorr_PP_DATA_PP_NEW_h
    Bin 1, -15.8228, 0.408865, 1.51154
    Bin 2, 0.207248, 0.133184, 0.613952
    Bin 3, 1.53603, 0.0615979, 0.211361
    Bin 4, 2.34215, 0.0561872, 0.230429
    Bin 5, 2.32841, 0.0527913, 0.274781
    Bin 6, 1.8767, 0.0445584, 0.236684
    Bin 7, 1.50736, 0.0417523, 0.164642
    Bin 8, 1.16268, 0.0355485, 0.122133
    Bin 9, 1.08596, 0.0347475, 0.168358
    Bin 10, 2.06225, 0.0633968, 0.362466
PbPb 030 (R=2) Fig6.: 
  Histogram: rVs2CaloResSpillProjAR5_1Corr_030_DATA_PbPb_NEW_h
    Bin 1, 0.227679, 0.0678735
    Bin 2, 0.572026, 0.114181
    Bin 3, 0.659148, 0.146264
    Bin 4, 0.245734, 0.162444
    Bin 5, 0.532202, 0.175374
    Bin 6, 0.778993, 0.18121
    Bin 7, -0.0195961, 0.174446
    Bin 8, 0.408634, 0.165974
    Bin 9, 0.35832, 0.167589
    Bin 10, 0.708162, 0.366542
  Histogram: rVs2CaloResSpillProjAR1_2Corr_030_DATA_PbPb_NEW_h
    Bin 1, 0.594098, 0.0836096
    Bin 2, 1.28847, 0.133395
    Bin 3, 1.42916, 0.160839
    Bin 4, 0.808056, 0.176729
    Bin 5, 0.867817, 0.186238
    Bin 6, 0.376552, 0.190095
    Bin 7, 0.190229, 0.187612
    Bin 8, 0.124975, 0.18481
    Bin 9, 0.4588, 0.17897
    Bin 10, 0.299465, 0.3534
  Histogram: rVs2CaloResSpillProjAR2_4Corr_030_DATA_PbPb_NEW_h
    Bin 1, 1.14166, 0.108593
    Bin 2, 1.59911, 0.111253
    Bin 3, 0.856152, 0.117805
    Bin 4, 0.444951, 0.125052
    Bin 5, 0.425868, 0.132312
    Bin 6, 0.253058, 0.129091
    Bin 7, 0.145519, 0.12635
    Bin 8, 0.224417, 0.123907
    Bin 9, 0.0313838, 0.115412
    Bin 10, 0.182387, 0.215631
  Histogram: rVs2CaloResSpillProjAR4_8Corr_030_DATA_PbPb_NEW_h
    Bin 1, 0.529479, 0.181781
    Bin 2, 1.10111, 0.0741572
    Bin 3, 0.581707, 0.0536611
    Bin 4, 0.450793, 0.0515722
    Bin 5, 0.222259, 0.0536572
    Bin 6, 0.210228, 0.0498868
    Bin 7, 0.107993, 0.0486717
    Bin 8, 0.13182, 0.0495418
    Bin 9, 0.237994, 0.045135
    Bin 10, 0.16741, 0.0752714
  Histogram: rVs2CaloResSpillProjAR8_100Corr_030_DATA_PbPb_NEW_h
    Bin 1, -25.2567, 0.859233
    Bin 2, 1.0591, 0.0949374
    Bin 3, 0.513963, 0.0640352
    Bin 4, 0.507675, 0.0606296
    Bin 5, 0.392823, 0.0608664
    Bin 6, 0.214164, 0.0449401
    Bin 7, 0.20053, 0.0458725
    Bin 8, 0.162366, 0.0355064
    Bin 9, 0.14121, 0.0305231
    Bin 10, 0.184703, 0.0511706
  Histogram: rVs2CaloResSpillProjARFCorr_030_DATA_PbPb_NEW_h
    Bin 1, -22.7638, 0.871686, 3.38159
    Bin 2, 5.61983, 0.26511, 0.621867
    Bin 3, 4.04013, 0.277978, 0.47919
    Bin 4, 2.45721, 0.29579, 0.405643
    Bin 5, 2.44097, 0.319994, 0.329761
    Bin 6, 1.833, 0.313868, 0.240745
    Bin 7, 0.624675, 0.306142, 0.166994
    Bin 8, 1.05221, 0.29408, 0.164073
    Bin 9, 1.22771, 0.288611, 0.248245
    Bin 10, 1.54213, 0.649286, 1.12799
PbPb 030 (R=3) Fig6.: 
  Histogram: rVs3CaloResSpillProjAR5_1Corr_030_DATA_PbPb_NEW_h
    Bin 1, 0.172294, 0.0598304
    Bin 2, 0.67577, 0.102074
    Bin 3, 0.854336, 0.129149
    Bin 4, 0.470599, 0.14676
    Bin 5, 0.6785, 0.154995
    Bin 6, 0.618474, 0.160944
    Bin 7, 0.145783, 0.154798
    Bin 8, 0.19251, 0.146784
    Bin 9, 0.353104, 0.147939
    Bin 10, 0.743324, 0.327623
  Histogram: rVs3CaloResSpillProjAR1_2Corr_030_DATA_PbPb_NEW_h
    Bin 1, 0.509725, 0.0756818
    Bin 2, 1.19728, 0.118293
    Bin 3, 1.41748, 0.142005
    Bin 4, 1.04448, 0.157113
    Bin 5, 1.11126, 0.165297
    Bin 6, 0.678707, 0.16698
    Bin 7, 0.0782652, 0.165263
    Bin 8, 0.190579, 0.162471
    Bin 9, 0.426477, 0.158849
    Bin 10, 0.362177, 0.311383
  Histogram: rVs3CaloResSpillProjAR2_4Corr_030_DATA_PbPb_NEW_h
    Bin 1, 0.839115, 0.0982258
    Bin 2, 1.14309, 0.101716
    Bin 3, 0.766903, 0.103811
    Bin 4, 0.555726, 0.110244
    Bin 5, 0.504062, 0.117291
    Bin 6, 0.400349, 0.114802
    Bin 7, 0.121877, 0.112533
    Bin 8, 0.222644, 0.108645
    Bin 9, -0.0243944, 0.103511
    Bin 10, 0.344847, 0.191263
  Histogram: rVs3CaloResSpillProjAR4_8Corr_030_DATA_PbPb_NEW_h
    Bin 1, 0.277684, 0.164183
    Bin 2, 0.638725, 0.0667383
    Bin 3, 0.58259, 0.0469758
    Bin 4, 0.37928, 0.0445972
    Bin 5, 0.273928, 0.0471045
    Bin 6, 0.256829, 0.0446903
    Bin 7, 0.186341, 0.0432478
    Bin 8, 0.128985, 0.0433405
    Bin 9, 0.199864, 0.0397861
    Bin 10, 0.202865, 0.0666176
  Histogram: rVs3CaloResSpillProjAR8_100Corr_030_DATA_PbPb_NEW_h
    Bin 1, -24.4369, 0.73737
    Bin 2, 0.318972, 0.0755575
    Bin 3, 0.582146, 0.0570827
    Bin 4, 0.504704, 0.0509042
    Bin 5, 0.365892, 0.0500591
    Bin 6, 0.25261, 0.0409264
    Bin 7, 0.204489, 0.0415166
    Bin 8, 0.138609, 0.0323133
    Bin 9, 0.0942558, 0.0245452
    Bin 10, 0.215544, 0.0527412
  Histogram: rVs3CaloResSpillProjARFCorr_030_DATA_PbPb_NEW_h
    Bin 1, -22.638, 0.74502, 3.00374
    Bin 2, 3.97384, 0.234644, 0.411578
    Bin 3, 4.20346, 0.246092, 0.663784
    Bin 4, 2.95479, 0.261403, 0.524664
    Bin 5, 2.93365, 0.280373, 0.446153
    Bin 6, 2.20697, 0.279915, 0.311633
    Bin 7, 0.736756, 0.271741, 0.200698
    Bin 8, 0.873326, 0.260095, 0.210542
    Bin 9, 1.04931, 0.254141, 0.337215
    Bin 10, 1.86876, 0.577995, 1.14033
PbPb 030 (R=4) Fig6.: 
  Histogram: rVs4CaloResSpillProjAR5_1Corr_030_DATA_PbPb_NEW_h
    Bin 1, 0.229839, 0.054045
    Bin 2, 0.583316, 0.0925185
    Bin 3, 0.789747, 0.115439
    Bin 4, 0.541879, 0.131705
    Bin 5, 0.498905, 0.140353
    Bin 6, 0.682702, 0.145353
    Bin 7, 0.441304, 0.138932
    Bin 8, 0.309486, 0.131478
    Bin 9, 0.343459, 0.132971
    Bin 10, 1.25764, 0.297991
  Histogram: rVs4CaloResSpillProjAR1_2Corr_030_DATA_PbPb_NEW_h
    Bin 1, 0.549251, 0.0680686
    Bin 2, 1.1301, 0.10841
    Bin 3, 1.425, 0.130682
    Bin 4, 1.20422, 0.142049
    Bin 5, 1.01961, 0.149485
    Bin 6, 0.648997, 0.151821
    Bin 7, 0.173185, 0.147398
    Bin 8, 0.200768, 0.146618
    Bin 9, 0.343812, 0.143047
    Bin 10, 1.03427, 0.28185
  Histogram: rVs4CaloResSpillProjAR2_4Corr_030_DATA_PbPb_NEW_h
    Bin 1, 0.564709, 0.087572
    Bin 2, 1.01479, 0.0943325
    Bin 3, 0.874794, 0.0942472
    Bin 4, 0.571975, 0.0997024
    Bin 5, 0.367704, 0.105573
    Bin 6, 0.423388, 0.103635
    Bin 7, 0.292838, 0.101685
    Bin 8, 0.216987, 0.09765
    Bin 9, 0.140348, 0.0942639
    Bin 10, 0.473002, 0.171198
  Histogram: rVs4CaloResSpillProjAR4_8Corr_030_DATA_PbPb_NEW_h
    Bin 1, -0.416907, 0.145042
    Bin 2, 0.285421, 0.0645972
    Bin 3, 0.525974, 0.0424314
    Bin 4, 0.430482, 0.0405274
    Bin 5, 0.295392, 0.0428584
    Bin 6, 0.269909, 0.0398085
    Bin 7, 0.202199, 0.0382313
    Bin 8, 0.108936, 0.0384813
    Bin 9, 0.170543, 0.0355538
    Bin 10, 0.191807, 0.0606597
  Histogram: rVs4CaloResSpillProjAR8_100Corr_030_DATA_PbPb_NEW_h
    Bin 1, -23.5923, 0.637389
    Bin 2, -0.179666, 0.0716668
    Bin 3, 0.607139, 0.0480055
    Bin 4, 0.538235, 0.0448535
    Bin 5, 0.383254, 0.0432369
    Bin 6, 0.333091, 0.0373976
    Bin 7, 0.166961, 0.0345178
    Bin 8, 0.123767, 0.0270932
    Bin 9, 0.0820076, 0.0228258
    Bin 10, 0.273042, 0.0507863
  Histogram: rVs4CaloResSpillProjARFCorr_030_DATA_PbPb_NEW_h
    Bin 1, -22.6654, 0.643866, 2.72139
    Bin 2, 2.83396, 0.221696, 0.467883
    Bin 3, 4.22265, 0.221103, 0.924063
    Bin 4, 3.28679, 0.236234, 0.696873
    Bin 5, 2.56486, 0.253174, 0.564982
    Bin 6, 2.35809, 0.252357, 0.351053
    Bin 7, 1.27649, 0.241293, 0.154531
    Bin 8, 0.959945, 0.233661, 0.113924
    Bin 9, 1.08017, 0.231566, 0.36471
    Bin 10, 3.22976, 0.524067, 1.59892
PbPb 030 (R=5) Fig6.: 
  Histogram: rVs5CaloResSpillProjAR5_1Corr_030_DATA_PbPb_NEW_h
    Bin 1, 0.230778, 0.0490672
    Bin 2, 0.550751, 0.0843077
    Bin 3, 0.856969, 0.105597
    Bin 4, 0.531806, 0.120547
    Bin 5, 0.522482, 0.127138
    Bin 6, 0.73327, 0.130547
    Bin 7, 0.444002, 0.126467
    Bin 8, 0.549848, 0.119707
    Bin 9, 0.47708, 0.120025
    Bin 10, 1.5419, 0.269989
  Histogram: rVs5CaloResSpillProjAR1_2Corr_030_DATA_PbPb_NEW_h
    Bin 1, 0.519506, 0.0621801
    Bin 2, 0.959813, 0.0991057
    Bin 3, 1.108, 0.117852
    Bin 4, 1.3041, 0.128366
    Bin 5, 0.935759, 0.135969
    Bin 6, 0.7118, 0.137471
    Bin 7, 0.293087, 0.133667
    Bin 8, 0.325736, 0.131983
    Bin 9, 0.217927, 0.131792
    Bin 10, 1.27247, 0.256463
  Histogram: rVs5CaloResSpillProjAR2_4Corr_030_DATA_PbPb_NEW_h
    Bin 1, 0.387315, 0.0777092
    Bin 2, 0.840636, 0.0871103
    Bin 3, 0.451926, 0.0874499
    Bin 4, 0.538898, 0.0912619
    Bin 5, 0.331007, 0.0956409
    Bin 6, 0.285217, 0.093628
    Bin 7, 0.22197, 0.0928745
    Bin 8, 0.110047, 0.089647
    Bin 9, 0.0908497, 0.0863568
    Bin 10, 0.424112, 0.155937
  Histogram: rVs5CaloResSpillProjAR4_8Corr_030_DATA_PbPb_NEW_h
    Bin 1, -0.711899, 0.127543
    Bin 2, 0.225273, 0.0623283
    Bin 3, 0.262125, 0.0385845
    Bin 4, 0.370893, 0.0365116
    Bin 5, 0.323007, 0.0382433
    Bin 6, 0.285524, 0.0357542
    Bin 7, 0.215413, 0.0351279
    Bin 8, 0.0901124, 0.0343352
    Bin 9, 0.145506, 0.0322837
    Bin 10, 0.243671, 0.0558044
  Histogram: rVs5CaloResSpillProjAR8_100Corr_030_DATA_PbPb_NEW_h
    Bin 1, -22.4664, 0.552111
    Bin 2, -0.228295, 0.0865724
    Bin 3, 0.17795, 0.0406427
    Bin 4, 0.485345, 0.0361736
    Bin 5, 0.415395, 0.0418666
    Bin 6, 0.303609, 0.0306961
    Bin 7, 0.223079, 0.0307279
    Bin 8, 0.142023, 0.0270857
    Bin 9, 0.132099, 0.0216875
    Bin 10, 0.249424, 0.0437124
  Histogram: rVs5CaloResSpillProjARFCorr_030_DATA_PbPb_NEW_h
    Bin 1, -22.0407, 0.561847, 2.78859
    Bin 2, 2.34818, 0.216109, 0.254982
    Bin 3, 2.85696, 0.203663, 0.754828
    Bin 4, 3.23104, 0.214075, 0.818821
    Bin 5, 2.52765, 0.229999, 0.708586
    Bin 6, 2.31942, 0.227663, 0.467606
    Bin 7, 1.39755, 0.22033, 0.195388
    Bin 8, 1.21777, 0.213029, 0.136151
    Bin 9, 1.06346, 0.211035, 0.450681
    Bin 10, 3.73157, 0.476672, 1.78264
PP (R=2) Fig7.: 
  Histogram: rVs2CaloResSpillProjA5_1Corr_PP_DATA_PP_NEW_h
    Bin 1, 0.678421, 0.0220935
    Bin 2, 1.3235, 0.0251371
    Bin 3, 1.8481, 0.0318704
    Bin 4, 2.38637, 0.0381324
  Histogram: rVs2CaloResSpillProjA1_2Corr_PP_DATA_PP_NEW_h
    Bin 1, 1.52681, 0.0389332
    Bin 2, 3.03122, 0.0445091
    Bin 3, 4.34738, 0.0571857
    Bin 4, 5.75121, 0.069213
  Histogram: rVs2CaloResSpillProjA2_4Corr_PP_DATA_PP_NEW_h
    Bin 1, 2.48867, 0.0681866
    Bin 2, 5.26756, 0.0785665
    Bin 3, 7.63476, 0.0987658
    Bin 4, 10.1275, 0.121169
  Histogram: rVs2CaloResSpillProjA4_8Corr_PP_DATA_PP_NEW_h
    Bin 1, 2.75536, 0.118492
    Bin 2, 5.74259, 0.133918
    Bin 3, 8.52807, 0.164905
    Bin 4, 10.9718, 0.195887
  Histogram: rVs2CaloResSpillProjA8_100Corr_PP_DATA_PP_NEW_h
    Bin 1, -7.51196, 0.472926
    Bin 2, -16.1662, 0.475852
    Bin 3, -24.689, 0.53092
    Bin 4, -32.8926, 0.598868
  Histogram: rVs2CaloResSpillProjAFCorr_PP_DATA_PP_NEW_h
    Bin 1, -0.062691, 0.467831, 0.356613
    Bin 2, -0.801372, 0.475994, 1.31155
    Bin 3, -2.33069, 0.534268, 1.61722
    Bin 4, -3.65581, 0.60931, 1.13221
PP (R=3) Fig7.: 
  Histogram: rVs3CaloResSpillProjA5_1Corr_PP_DATA_PP_NEW_h
    Bin 1, 0.701141, 0.0186158
    Bin 2, 1.41209, 0.0226811
    Bin 3, 1.83853, 0.0295372
    Bin 4, 2.36406, 0.0391861
  Histogram: rVs3CaloResSpillProjA1_2Corr_PP_DATA_PP_NEW_h
    Bin 1, 1.49172, 0.0333091
    Bin 2, 3.13384, 0.0405966
    Bin 3, 4.36968, 0.0531456
    Bin 4, 5.63544, 0.0718175
  Histogram: rVs3CaloResSpillProjA2_4Corr_PP_DATA_PP_NEW_h
    Bin 1, 2.21039, 0.0595051
    Bin 2, 4.9946, 0.0726703
    Bin 3, 7.18649, 0.0954774
    Bin 4, 9.16204, 0.124091
  Histogram: rVs3CaloResSpillProjA4_8Corr_PP_DATA_PP_NEW_h
    Bin 1, 2.29556, 0.103813
    Bin 2, 5.27986, 0.122965
    Bin 3, 7.80486, 0.156133
    Bin 4, 9.2432, 0.202298
  Histogram: rVs3CaloResSpillProjA8_100Corr_PP_DATA_PP_NEW_h
    Bin 1, -7.53546, 0.380787
    Bin 2, -15.5431, 0.401876
    Bin 3, -24.078, 0.464782
    Bin 4, -31.3644, 0.573699
  Histogram: rVs3CaloResSpillProjAFCorr_PP_DATA_PP_NEW_h
    Bin 1, -0.836651, 0.374189, 0.310235
    Bin 2, -0.7227, 0.399327, 0.635799
    Bin 3, -2.87842, 0.467478, 1.08238
    Bin 4, -4.95969, 0.577601, 1.83079
PP (R=4) Fig7.: 
  Histogram: rVs4CaloResSpillProjA5_1Corr_PP_DATA_PP_NEW_h
    Bin 1, 0.742788, 0.0166832
    Bin 2, 1.45663, 0.0211499
    Bin 3, 1.83736, 0.0285404
    Bin 4, 2.36279, 0.0408254
  Histogram: rVs4CaloResSpillProjA1_2Corr_PP_DATA_PP_NEW_h
    Bin 1, 1.44446, 0.0299444
    Bin 2, 3.18548, 0.0380538
    Bin 3, 4.26301, 0.0519689
    Bin 4, 5.51341, 0.074937
  Histogram: rVs4CaloResSpillProjA2_4Corr_PP_DATA_PP_NEW_h
    Bin 1, 2.02018, 0.0547299
    Bin 2, 4.68857, 0.0689643
    Bin 3, 6.7549, 0.0932584
    Bin 4, 8.50851, 0.129796
  Histogram: rVs4CaloResSpillProjA4_8Corr_PP_DATA_PP_NEW_h
    Bin 1, 1.81671, 0.0942414
    Bin 2, 4.68296, 0.114559
    Bin 3, 7.18251, 0.152208
    Bin 4, 8.15098, 0.20657
  Histogram: rVs4CaloResSpillProjA8_100Corr_PP_DATA_PP_NEW_h
    Bin 1, -6.90827, 0.3267
    Bin 2, -15.5936, 0.355772
    Bin 3, -23.2789, 0.435083
    Bin 4, -29.987, 0.572638
  Histogram: rVs4CaloResSpillProjAFCorr_PP_DATA_PP_NEW_h
    Bin 1, -0.884133, 0.319876, 0.561785
    Bin 2, -1.58, 0.351267, 0.565742
    Bin 3, -3.24116, 0.432367, 1.24462
    Bin 4, -5.45135, 0.580085, 2.44568
PP (R=5) Fig7.: 
  Histogram: rVs5CaloResSpillProjA5_1Corr_PP_DATA_PP_NEW_h
    Bin 1, 0.749385, 0.0153261
    Bin 2, 1.41982, 0.0199382
    Bin 3, 1.83208, 0.028382
    Bin 4, 2.23639, 0.042484
  Histogram: rVs5CaloResSpillProjA1_2Corr_PP_DATA_PP_NEW_h
    Bin 1, 1.43917, 0.0276496
    Bin 2, 3.10726, 0.0363541
    Bin 3, 4.2147, 0.0516571
    Bin 4, 5.31249, 0.0797409
  Histogram: rVs5CaloResSpillProjA2_4Corr_PP_DATA_PP_NEW_h
    Bin 1, 1.9381, 0.0507867
    Bin 2, 4.38509, 0.066468
    Bin 3, 6.26596, 0.0924026
    Bin 4, 7.62786, 0.135604
  Histogram: rVs5CaloResSpillProjA4_8Corr_PP_DATA_PP_NEW_h
    Bin 1, 1.69259, 0.0862037
    Bin 2, 4.27391, 0.108694
    Bin 3, 6.13771, 0.148136
    Bin 4, 7.08716, 0.210039
  Histogram: rVs5CaloResSpillProjA8_100Corr_PP_DATA_PP_NEW_h
    Bin 1, -6.59162, 0.288487
    Bin 2, -14.913, 0.325357
    Bin 3, -22.6841, 0.415439
    Bin 4, -27.8983, 0.579154
  Histogram: rVs5CaloResSpillProjAFCorr_PP_DATA_PP_NEW_h
    Bin 1, -0.77237, 0.281332, 0.557528
    Bin 2, -1.72691, 0.320447, 0.851804
    Bin 3, -4.23361, 0.409866, 1.52987
    Bin 4, -5.63437, 0.586694, 2.50688
PbPb 010 (R=2) Fig7.: 
  Histogram: rVs2CaloResSpillProjA5_1Corr_010_DATA_PbPb_NEW_h
    Bin 1, 1.91703, 0.975818
    Bin 2, 5.01434, 0.968858
    Bin 3, 7.75347, 1.05237
    Bin 4, 7.4259, 0.992145
  Histogram: rVs2CaloResSpillProjA1_2Corr_010_DATA_PbPb_NEW_h
    Bin 1, 4.427, 0.956492
    Bin 2, 7.14583, 0.922097
    Bin 3, 9.36047, 0.9993
    Bin 4, 11.9102, 0.977546
  Histogram: rVs2CaloResSpillProjA2_4Corr_010_DATA_PbPb_NEW_h
    Bin 1, 1.74117, 0.703251
    Bin 2, 5.00099, 0.692169
    Bin 3, 7.93961, 0.71961
    Bin 4, 11.2749, 0.730489
  Histogram: rVs2CaloResSpillProjA4_8Corr_010_DATA_PbPb_NEW_h
    Bin 1, 2.04739, 0.366393
    Bin 2, 3.96101, 0.3463
    Bin 3, 4.91646, 0.375764
    Bin 4, 5.85283, 0.386784
  Histogram: rVs2CaloResSpillProjA8_100Corr_010_DATA_PbPb_NEW_h
    Bin 1, -5.80707, 1.4736
    Bin 2, -19.043, 1.23226
    Bin 3, -29.8759, 1.22644
    Bin 4, -43.5526, 1.18445
  Histogram: rVs2CaloResSpillProjAFCorr_010_DATA_PbPb_NEW_h
    Bin 1, 4.32552, 2.16447, 3.68208
    Bin 2, 2.07919, 2.0054, 2.61976
    Bin 3, 0.094148, 2.09033, 3.28161
    Bin 4, -7.08879, 2.02615, 4.7573
PbPb 010 (R=3) Fig7.: 
  Histogram: rVs3CaloResSpillProjA5_1Corr_010_DATA_PbPb_NEW_h
    Bin 1, 2.32133, 0.807275
    Bin 2, 5.87343, 0.818598
    Bin 3, 7.82358, 0.881307
    Bin 4, 8.52894, 0.972069
  Histogram: rVs3CaloResSpillProjA1_2Corr_010_DATA_PbPb_NEW_h
    Bin 1, 3.84006, 0.794504
    Bin 2, 7.47536, 0.795355
    Bin 3, 10.5655, 0.871008
    Bin 4, 11.7037, 0.944408
  Histogram: rVs3CaloResSpillProjA2_4Corr_010_DATA_PbPb_NEW_h
    Bin 1, 1.59654, 0.587848
    Bin 2, 5.83574, 0.577905
    Bin 3, 7.26776, 0.640438
    Bin 4, 9.84364, 0.702164
  Histogram: rVs3CaloResSpillProjA4_8Corr_010_DATA_PbPb_NEW_h
    Bin 1, 1.87957, 0.306565
    Bin 2, 3.75033, 0.301528
    Bin 3, 4.41721, 0.332801
    Bin 4, 3.9502, 0.356789
  Histogram: rVs3CaloResSpillProjA8_100Corr_010_DATA_PbPb_NEW_h
    Bin 1, -6.7941, 1.16024
    Bin 2, -20.188, 1.0011
    Bin 3, -33.4608, 1.01395
    Bin 4, -44.4201, 1.05694
  Histogram: rVs3CaloResSpillProjAFCorr_010_DATA_PbPb_NEW_h
    Bin 1, 2.8434, 1.74735, 2.5
    Bin 2, 2.74681, 1.6583, 2.5
    Bin 3, -3.38677, 1.76153, 2.5
    Bin 4, -10.3936, 1.90514, 3.68878
PbPb 010 (R=4) Fig7.: 
  Histogram: rVs4CaloResSpillProjA5_1Corr_010_DATA_PbPb_NEW_h
    Bin 1, 2.93385, 0.699291
    Bin 2, 6.58701, 0.703817
    Bin 3, 9.37525, 0.791768
    Bin 4, 11.2624, 0.866255
  Histogram: rVs4CaloResSpillProjA1_2Corr_010_DATA_PbPb_NEW_h
    Bin 1, 4.98991, 0.686552
    Bin 2, 7.79401, 0.691267
    Bin 3, 11.1973, 0.770032
    Bin 4, 12.8039, 0.865215
  Histogram: rVs4CaloResSpillProjA2_4Corr_010_DATA_PbPb_NEW_h
    Bin 1, 2.57505, 0.511015
    Bin 2, 5.03874, 0.509105
    Bin 3, 6.60736, 0.580386
    Bin 4, 8.70244, 0.633476
  Histogram: rVs4CaloResSpillProjA4_8Corr_010_DATA_PbPb_NEW_h
    Bin 1, 1.37605, 0.265667
    Bin 2, 2.84452, 0.265001
    Bin 3, 3.25764, 0.291765
    Bin 4, 2.66597, 0.324412
  Histogram: rVs4CaloResSpillProjA8_100Corr_010_DATA_PbPb_NEW_h
    Bin 1, -7.00735, 0.947063
    Bin 2, -21.5493, 0.844921
    Bin 3, -33.1777, 0.85455
    Bin 4, -43.1052, 0.905106
  Histogram: rVs4CaloResSpillProjAFCorr_010_DATA_PbPb_NEW_h
    Bin 1, 4.86752, 1.47075, 2.5
    Bin 2, 0.714971, 1.40958, 2.5
    Bin 3, -2.74007, 1.53448, 3.63391
    Bin 4, -7.67044, 1.67028, 5.4944
PbPb 010 (R=5) Fig7.: 
  Histogram: rVs5CaloResSpillProjA5_1Corr_010_DATA_PbPb_NEW_h
    Bin 1, 2.52728, 0.617965
    Bin 2, 7.11488, 0.618675
    Bin 3, 9.43279, 0.693074
    Bin 4, 12.5564, 0.769184
  Histogram: rVs5CaloResSpillProjA1_2Corr_010_DATA_PbPb_NEW_h
    Bin 1, 5.25632, 0.605538
    Bin 2, 7.54254, 0.603307
    Bin 3, 10.4041, 0.683561
    Bin 4, 14.042, 0.778742
  Histogram: rVs5CaloResSpillProjA2_4Corr_010_DATA_PbPb_NEW_h
    Bin 1, 2.84141, 0.449996
    Bin 2, 4.49913, 0.449283
    Bin 3, 5.86926, 0.504132
    Bin 4, 8.1123, 0.565755
  Histogram: rVs5CaloResSpillProjA4_8Corr_010_DATA_PbPb_NEW_h
    Bin 1, 1.39162, 0.232109
    Bin 2, 2.25918, 0.231636
    Bin 3, 2.63003, 0.250826
    Bin 4, 1.80176, 0.278545
  Histogram: rVs5CaloResSpillProjA8_100Corr_010_DATA_PbPb_NEW_h
    Bin 1, -8.7899, 0.790413
    Bin 2, -20.857, 0.705369
    Bin 3, -32.0579, 0.716635
    Bin 4, -42.6969, 0.73259
  Histogram: rVs5CaloResSpillProjAFCorr_010_DATA_PbPb_NEW_h
    Bin 1, 3.22674, 1.26604, 2.5
    Bin 2, 0.5587, 1.21105, 2.5
    Bin 3, -3.72172, 1.31433, 2.71884
    Bin 4, -6.18443, 1.45494, 3.80722
PP (R=2) Fig8.: 
  Histogram: rVs2CaloResSpillNACorr_PP_DATA_PP_NEW_h
    Bin 1, 0, 0, 0.114877
    Bin 2, 1.95196, 0.0559857, 0.207366
    Bin 3, 2.32886, 0.0479723, 0.170071
    Bin 4, 2.02576, 0.0384616, 0.188276
    Bin 5, 1.16338, 0.0305825, 0.07702
    Bin 6, -0.0609999, 0.0264896, 0.0192961
    Bin 7, 0, 0, 0.00221312
PP (R=3) Fig8.: 
  Histogram: rVs3CaloResSpillNACorr_PP_DATA_PP_NEW_h
    Bin 1, 0, 0, 0.158456
    Bin 2, 2.04137, 0.0493278, 0.192939
    Bin 3, 2.23199, 0.0431817, 0.126046
    Bin 4, 1.83232, 0.034859, 0.130676
    Bin 5, 0.987982, 0.0277304, 0.0676223
    Bin 6, -0.129862, 0.0231863, 0.0393901
    Bin 7, 0, 0, 0.00514718
PP (R=4) Fig8.: 
  Histogram: rVs4CaloResSpillNACorr_PP_DATA_PP_NEW_h
    Bin 1, 0, 0, 0.124161
    Bin 2, 1.90715, 0.0460403, 0.140443
    Bin 3, 2.08814, 0.0402412, 0.103249
    Bin 4, 1.63006, 0.0327399, 0.101969
    Bin 5, 0.803673, 0.0258733, 0.0476422
    Bin 6, -0.177991, 0.021174, 0.0458266
    Bin 7, 0, 0, 0.0259038
PP (R=5) Fig8.: 
  Histogram: rVs5CaloResSpillNACorr_PP_DATA_PP_NEW_h
    Bin 1, 0, 0, 0.112198
    Bin 2, 1.82216, 0.0432349, 0.111613
    Bin 3, 1.99519, 0.0379601, 0.0966048
    Bin 4, 1.4864, 0.0310215, 0.091735
    Bin 5, 0.715908, 0.0242033, 0.0536706
    Bin 6, -0.187021, 0.0195852, 0.0390056
    Bin 7, 0, 0, 0.000619106
PbPb 030 (R=2) Fig8.: 
  Histogram: rVs2CaloResSpillNACorr_030_DATA_PbPb_NEW_h
    Bin 1, 0, 0, 0.933221
    Bin 2, 8.61706, 1.21584, 0.970994
    Bin 3, 5.4586, 0.648805, 0.781394
    Bin 4, 2.53734, 0.249057, 0.628417
    Bin 5, 0.832755, 0.0565661, 0.300475
    Bin 6, -0.316671, 0.0370348, 0.00264426
    Bin 7, 0, 0, 0
PbPb 030 (R=3) Fig8.: 
  Histogram: rVs3CaloResSpillNACorr_030_DATA_PbPb_NEW_h
    Bin 1, 0, 0, 1.06568
    Bin 2, 9.44878, 1.07314, 1.13441
    Bin 3, 6.0866, 0.572347, 0.911659
    Bin 4, 2.31038, 0.221319, 0.719146
    Bin 5, 0.713085, 0.0503201, 0.363954
    Bin 6, -0.444896, 0.0322563, 0.00859285
    Bin 7, 0, 0, 0
PbPb 030 (R=4) Fig8.: 
  Histogram: rVs4CaloResSpillNACorr_030_DATA_PbPb_NEW_h
    Bin 1, 0, 0, 1.00112
    Bin 2, 10.6805, 0.963073, 1.19984
    Bin 3, 7.32541, 0.517301, 1.01432
    Bin 4, 2.38272, 0.197912, 0.721181
    Bin 5, 0.513929, 0.0452651, 0.350606
    Bin 6, -0.552964, 0.0284087, 0.0143624
    Bin 7, 0, 0, 0
PbPb 030 (R=5) Fig8.: 
  Histogram: rVs5CaloResSpillNACorr_030_DATA_PbPb_NEW_h
    Bin 1, 0, 0, 1.0044
    Bin 2, 12.4272, 0.870922, 1.35208
    Bin 3, 7.23585, 0.468433, 1.08998
    Bin 4, 1.97327, 0.180606, 0.754427
    Bin 5, 0.433647, 0.0406074, 0.332226
    Bin 6, -0.575615, 0.0249963, 0.0137795
    Bin 7, 0, 0, 0
