17.5 1.1443 0.000656643
22.5 0.965784 0.000866648
27.5 0.885584 0.00132606
32.5 0.864706 0.00207736
37.5 0.879602 0.00293323
42.5 0.900058 0.00381479
47.5 0.922474 0.00442126
52.5 0.936553 0.00477897
57.5 0.928949 0.00531274
62.5 0.924951 0.00657267
67.5 0.930096 0.00741763
72.5 0.931126 0.00843047
77.5 0.938552 0.00953773
82.5 0.908933 0.0125067
87.5 0.95059 0.0130232
92.5 0.95565 0.0145301
97.5 0.930243 0.0178422
102.5 0.945428 0.0178328
107.5 0.944905 0.0144751
112.5 0.946431 0.0207959
117.5 0.977449 0.0340605
122.5 0.967493 0.0335166
127.5 0.97197 0.0217826
132.5 0.919447 0.0555126
137.5 0.963907 0.0442424
142.5 0.87184 0.0273186
147.5 0 0
152.5 1.02681 0.0116103
157.5 0.982612 -nan
162.5 0.999797 -nan
167.5 0 0
172.5 0 0
177.5 0.916193 -nan
182.5 0 0
187.5 0 0
192.5 0 0
197.5 0 0
202.5 0 0
207.5 0.904031 0.0307953
212.5 0 0
217.5 0 0
222.5 0 0
227.5 0.91698 -nan
232.5 0 0
237.5 0 0
242.5 0 0
247.5 0 0
252.5 0 0
257.5 0.888561 -nan
262.5 0 0
267.5 0 0
272.5 0 0
277.5 0 0
282.5 0 0
287.5 0 0
292.5 0 0
297.5 0 0
