17.5 20.0519 0.012898
22.5 23.1529 0.0254042
27.5 28.5206 0.0595689
32.5 32.9068 0.552985
37.5 33.2631 0.139906
42.5 39.1266 0.155948
47.5 45.9531 0.21382
52.5 52.0208 0.321768
57.5 58.2009 0.380951
62.5 63.6471 0.480249
67.5 69.1668 0.633882
72.5 74.6243 0.796356
77.5 80.5873 0.993628
82.5 85.4889 1.01359
87.5 92.9525 1.63942
92.5 98.1835 2.20812
97.5 101.981 2.48072
102.5 108.727 3.16747
107.5 104.965 2.6064
112.5 114.289 2.01887
117.5 123.28 2.54636
122.5 129.197 2.19369
127.5 132.543 4.76147
132.5 133.718 3.99242
137.5 134.941 -nan
142.5 150.695 -nan
147.5 143.752 -nan
152.5 160.624 1.34208
157.5 151.076 -nan
162.5 205.938 -nan
167.5 0 0
172.5 178.915 -nan
177.5 0 0
182.5 0 0
187.5 208.131 -nan
192.5 0 0
197.5 0 0
202.5 225.088 -nan
207.5 0 0
212.5 0 0
217.5 0 0
222.5 0 0
227.5 258.075 -nan
232.5 0 0
237.5 0 0
242.5 0 0
247.5 0 0
252.5 0 0
257.5 0 0
262.5 0 0
267.5 0 0
272.5 0 0
277.5 0 0
282.5 0 0
287.5 0 0
292.5 0 0
297.5 0 0
