17.5 1.40351 0.00172618
22.5 1.17098 0.00170309
27.5 1.05627 0.00203882
32.5 1.00316 0.00257758
37.5 0.995815 0.0032376
42.5 0.994109 0.00385943
47.5 0.989258 0.00430793
52.5 0.994678 0.00489304
57.5 0.995562 0.00602354
62.5 0.978543 0.00687593
67.5 0.987169 0.00728635
72.5 0.994046 0.0100158
77.5 1.00668 0.00963098
82.5 0.977227 0.0129221
87.5 0.998712 0.0122572
92.5 1.02149 0.0155503
97.5 0.973233 0.020692
102.5 1.00276 0.0130241
107.5 0.964785 0.0129908
112.5 0.946643 0.0107039
117.5 0.87514 0.021802
122.5 0.72273 0.0552008
127.5 0.739151 0.0334774
132.5 0.591349 0.0987826
137.5 0.462408 0.0526252
142.5 0.473353 0.147219
147.5 0 0
152.5 0.119734 0.00543076
157.5 0.0668987 -nan
162.5 0.0417609 -nan
167.5 0 0
172.5 0 0
177.5 0.0186137 -nan
182.5 0 0
187.5 0 0
192.5 0 0
197.5 0 0
202.5 0 0
207.5 0.0146505 0.00255574
212.5 0 0
217.5 0 0
222.5 0 0
227.5 0.00137933 -nan
232.5 0 0
237.5 0 0
242.5 0 0
247.5 0 0
252.5 0 0
257.5 0.000382582 -nan
262.5 0 0
267.5 0 0
272.5 0 0
277.5 0 0
282.5 0 0
287.5 0 0
292.5 0 0
297.5 0 0
