17.5 1.27553 0.00171258
22.5 1.05666 0.00124192
27.5 0.969324 0.00161742
32.5 0.97026 0.00238956
37.5 0.9834 0.00288247
42.5 0.981761 0.00325571
47.5 0.983578 0.0036279
52.5 0.987949 0.00437023
57.5 0.978864 0.00538923
62.5 0.985351 0.00569799
67.5 0.982172 0.00966444
72.5 0.986918 0.0064365
77.5 0.997033 0.00972968
82.5 1.00204 0.0072843
87.5 0.987195 0.00947092
92.5 0.986556 0.0115867
97.5 0.990703 0.0185909
102.5 0.974156 0.00743384
107.5 0.971498 0.0069641
112.5 0.972487 0.0111156
117.5 0.975124 0.0236914
122.5 0.860901 0.0859363
127.5 0.980583 -nan
132.5 0.96846 0.00153758
137.5 0.951014 0.00930861
142.5 0 0
147.5 0.988619 0.0106826
152.5 1.03661 -nan
157.5 0.97986 -nan
162.5 0 0
167.5 0 0
172.5 1.02654 -nan
177.5 0 0
182.5 0 0
187.5 0.981168 -nan
192.5 0 0
197.5 0.936998 -nan
202.5 0 0
207.5 0 0
212.5 0 0
217.5 0 0
222.5 0 0
227.5 0 0
232.5 0 0
237.5 0.983645 -nan
242.5 0 0
247.5 0 0
252.5 0 0
257.5 0 0
262.5 0 0
267.5 0 0
272.5 0 0
277.5 0 0
282.5 0 0
287.5 0 0
292.5 0 0
297.5 0 0
