17.5 0 0
22.5 21.5471 0.0270811
27.5 26.382 0.049599
32.5 30.7315 0.108167
37.5 34.502 0.0966811
42.5 40.0308 0.133724
47.5 45.2149 0.201207
52.5 50.3449 0.229273
57.5 56.0444 0.263195
62.5 60.5057 0.45704
67.5 66.7139 0.530267
72.5 69.8403 0.942901
77.5 76.302 1.05736
82.5 81.5871 0.718362
87.5 86.1779 0.884525
92.5 90.6276 0.868489
97.5 98.2785 1.65416
102.5 105.897 1.7344
107.5 109.499 0.999547
112.5 112.48 2.83229
117.5 118.16 1.81729
122.5 120.091 0.819084
127.5 129.813 2.41693
132.5 139.712 -nan
137.5 0 0
142.5 0 0
147.5 147.226 1.96524
152.5 155.628 -nan
157.5 150.695 -nan
162.5 0 0
167.5 0 0
172.5 0 0
177.5 171.042 -nan
182.5 192.936 4.40548
187.5 0 0
192.5 0 0
197.5 0 0
202.5 0 0
207.5 0 0
212.5 0 0
217.5 0 0
222.5 0 0
227.5 0 0
232.5 235.319 -nan
237.5 0 0
242.5 0 0
247.5 0 0
252.5 0 0
257.5 0 0
262.5 0 0
267.5 0 0
272.5 0 0
277.5 0 0
282.5 0 0
287.5 0 0
292.5 0 0
297.5 0 0
