17.5 18.7653 0.0129239
22.5 22.3515 0.0255115
27.5 27.7962 0.0505055
32.5 32.175 0.125164
37.5 36.0504 0.0970743
42.5 41.2647 0.139882
47.5 46.7967 0.178043
52.5 51.4348 0.260603
57.5 56.8219 0.350028
62.5 62.1986 0.34959
67.5 68.2364 0.414622
72.5 70.5791 1.1004
77.5 78.7552 0.712827
82.5 83.6284 1.06523
87.5 88.1281 0.780229
92.5 92.1351 1.24745
97.5 97.6948 1.3755
102.5 104.659 1.42976
107.5 108.438 1.24778
112.5 116.398 1.14764
117.5 115.681 2.89213
122.5 123.887 3.27914
127.5 128.795 3.16592
132.5 132.943 -nan
137.5 0 0
142.5 145.261 -nan
147.5 149.192 -nan
152.5 0 0
157.5 153.161 2.46622
162.5 0 0
167.5 0 0
172.5 171.042 -nan
177.5 0 0
182.5 188.531 -nan
187.5 197.342 -nan
192.5 0 0
197.5 0 0
202.5 0 0
207.5 0 0
212.5 0 0
217.5 0 0
222.5 0 0
227.5 235.319 -nan
232.5 0 0
237.5 0 0
242.5 0 0
247.5 0 0
252.5 0 0
257.5 0 0
262.5 0 0
267.5 0 0
272.5 0 0
277.5 0 0
282.5 0 0
287.5 0 0
292.5 0 0
297.5 0 0
