17.5 1.051 0.000695563
22.5 0.921858 0.000867031
27.5 0.885127 0.00132295
32.5 0.896246 0.00218354
37.5 0.929475 0.0028934
42.5 0.944856 0.00314209
47.5 0.952188 0.00382497
52.5 0.953265 0.00474338
57.5 0.95928 0.00543714
62.5 0.960448 0.00719664
67.5 0.944006 0.0127586
72.5 0.955568 0.00880269
77.5 0.953373 0.0164513
82.5 0.975022 0.00724739
87.5 0.978468 0.00912555
92.5 0.96456 0.0110893
97.5 0.949828 0.0171944
102.5 0.973991 0.0150099
107.5 0.980462 0.0115278
112.5 0.985839 0.0118726
117.5 0.984767 0.0102675
122.5 0.979821 0.0218578
127.5 0.974788 0.0205938
132.5 0.984032 0.00176024
137.5 0.911224 0.0445104
142.5 0 0
147.5 0.978989 0.00676827
152.5 1.02961 -nan
157.5 1.01383 -nan
162.5 0 0
167.5 0 0
172.5 1.00061 -nan
177.5 0 0
182.5 0 0
187.5 0.954818 -nan
192.5 0 0
197.5 0.954505 -nan
202.5 0 0
207.5 0 0
212.5 0 0
217.5 0 0
222.5 0 0
227.5 0 0
232.5 0 0
237.5 0.965711 -nan
242.5 0 0
247.5 0 0
252.5 0 0
257.5 0 0
262.5 0 0
267.5 0 0
272.5 0 0
277.5 0 0
282.5 0 0
287.5 0 0
292.5 0 0
297.5 0 0
