17.5 1.27645 0.00174465
22.5 1.05885 0.00129366
27.5 0.976165 0.0017283
32.5 0.987332 0.00254634
37.5 1.00481 0.00297968
42.5 1.00173 0.00329137
47.5 1.00086 0.003634
52.5 1.00279 0.00436252
57.5 0.991731 0.00540044
62.5 0.996935 0.00567894
67.5 0.992857 0.00971304
72.5 0.997299 0.006525
77.5 1.00796 0.00992662
82.5 1.0141 0.00755659
87.5 1.00061 0.00986448
92.5 1.00187 0.0122583
97.5 1.01056 0.0204412
102.5 0.995486 0.00843053
107.5 0.99693 0.00801841
112.5 1.00431 0.0135707
117.5 1.0155 0.0286609
122.5 0.899646 0.0937244
127.5 1.04262 -nan
132.5 1.03192 0.0047647
137.5 1.02078 0.00777043
142.5 0 0
147.5 1.1117 0.0104309
152.5 1.22277 -nan
157.5 1.1349 -nan
162.5 0 0
167.5 0 0
172.5 1.38373 -nan
177.5 0 0
182.5 0 0
187.5 1.45854 -nan
192.5 0 0
197.5 1.39168 -nan
202.5 0 0
207.5 0 0
212.5 0 0
217.5 0 0
222.5 0 0
227.5 0 0
232.5 0 0
237.5 14.0832 -nan
242.5 0 0
247.5 0 0
252.5 0 0
257.5 0 0
262.5 0 0
267.5 0 0
272.5 0 0
277.5 0 0
282.5 0 0
287.5 0 0
292.5 0 0
297.5 0 0
