5 0.0139309 0.00112994 0.0548987 0.0022431 0.0980662 0.00299797 0.0966914 0.00297688 0.0808359 0.00272188 0.0546238 0.00223748
15 0.0391348 0.00189387 0.138942 0.00356849 0.0992576 0.00301613 0.0583814 0.00231316 0.0333608 0.00174858 0.00586564 0.000733205
25 0.080011 0.00270796 0.108881 0.00315896 0.045917 0.00205142 0.0223628 0.00143163 0.00907341 0.000911912 0 0
35 0.0890844 0.00285738 0.0656218 0.0024524 0.0232793 0.00146067 0.0117313 0.00103691 0.00164971 0.000388841 0 0
45 0.087618 0.00283377 0.043809 0.00200378 0.0144808 0.00115203 0.00366603 0.000579649 9.16506e-05 9.16506e-05 0 0
55 0.0911924 0.00289099 0.0287783 0.00162405 0.0074237 0.000824856 0.00137476 0.000354961 0 0 0 0
65 0.0908258 0.00288518 0.0217212 0.00141094 0.00421593 0.000621605 0 0 0 0 0 0
75 0.10439 0.00309312 0.0102649 0.000969939 0.00128311 0.000342925 0.000274952 0.000158744 0 0 0 0
85 0.120887 0.00332857 0.00595729 0.000738911 0.000824856 0.000274952 0 0 0 0 0 0
95 0.439556 0.0063471 0.00568234 0.000721658 0.000458253 0.000204937 0 0 0 0 0 0
