0.1 1.16931 0.0101926
0.3 0.97022 0.0131124
0.5 0.844017 0.0137647
0.7 0.818951 0.0145403
0.9 0.771195 0.0142428
1.1 0.763296 0.0145945
1.3 0.724496 0.0141962
1.5 0.68726 0.0136874
1.7 0.674421 0.0140358
1.9 0.661796 0.0144069
2.1 0.665798 0.0152233
2.3 0.67086 0.0164425
2.5 0.694571 0.0183324
2.7 0.698754 0.0201614
2.9 0.778761 0.0248533
3.1 0.912811 0.0324126
3.3 0.919368 0.0374839
3.5 1.10194 0.0508574
3.7 1.1713 0.0624237
3.9 1.18049 0.0760284
4.1 1.3908 0.119407
4.3 1.17918 0.12521
4.5 2.00033 0.309924
4.7 1.34505 0.271489
4.9 1.42657 0.406431
5.1 2.46592 1.33002
5.3 2.24175 1.94141
5.5 2.24175 2.74557
