17.5 5948.65 12266.1 3113
22.5 3363.66 5862.16 2075
27.5 1936.54 3004.94 1339
32.5 1036.03 1513.64 758
37.5 515.861 695.066 402
42.5 290.283 379.335 233
47.5 170.058 213.448 142
52.5 124.863 150.936 107
57.5 73.0633 92.132 60
62.5 42.9705 51.6151 37
67.5 23.6849 27.3615 21
72.5 17.4293 20.6748 15
77.5 12.8354 15.3738 11
82.5 7.52297 9.54282 6
87.5 13.4969 16.9125 11
92.5 2.71111 3.68476 2
97.5 4.35707 4.75132 4
102.5 4.50626 5.14322 4
107.5 2.54267 3.23402 2
112.5 0 0 0
117.5 0 0 0
122.5 1.25226 1.56814 1
127.5 0.97266 0.946068 1
132.5 2.07317 2.14902 2
137.5 0 0 0
142.5 0 0 0
147.5 0 0 0
152.5 0 0 0
157.5 0 0 0
162.5 0 0 0
167.5 0 0 0
172.5 0 0 0
177.5 0 0 0
182.5 0 0 0
187.5 0 0 0
192.5 0 0 0
197.5 0 0 0
202.5 0 0 0
207.5 0 0 0
212.5 0 0 0
217.5 0 0 0
222.5 0 0 0
227.5 0 0 0
232.5 0 0 0
237.5 0 0 0
242.5 0 0 0
247.5 0 0 0
252.5 0 0 0
257.5 0 0 0
262.5 0 0 0
267.5 0 0 0
272.5 0 0 0
277.5 0 0 0
282.5 0 0 0
287.5 0 0 0
292.5 0 0 0
297.5 0 0 0
