17.5 6175.76 11097.1 3644
22.5 3537.18 5329.3 2489
27.5 1972.11 2689.97 1537
32.5 1034.34 1332.04 848
37.5 500.984 605.895 433
42.5 285.601 340.67 250
47.5 162.318 188.06 145
52.5 118.248 133.094 108
57.5 70.9324 83.4148 62
62.5 40.3363 45.0781 37
67.5 22.3345 24.1298 21
72.5 16.5241 18.4964 15
77.5 12.1053 13.5498 11
82.5 6.89017 7.98837 6
87.5 13.7592 15.9115 12
92.5 2.39382 2.87137 2
97.5 4.06716 4.14332 4
102.5 4.41686 4.93162 4
107.5 2.40893 2.90634 2
112.5 0 0 0
117.5 0 0 0
122.5 1.1919 1.42062 1
127.5 0.923959 0.8537 1
132.5 2.09886 2.20315 2
137.5 0 0 0
142.5 0 0 0
147.5 0 0 0
152.5 0 0 0
157.5 0 0 0
162.5 0 0 0
167.5 0 0 0
172.5 0 0 0
177.5 0 0 0
182.5 0 0 0
187.5 0 0 0
192.5 0 0 0
197.5 0 0 0
202.5 0 0 0
207.5 0 0 0
212.5 0 0 0
217.5 0 0 0
222.5 0 0 0
227.5 0 0 0
232.5 0 0 0
237.5 0 0 0
242.5 0 0 0
247.5 0 0 0
252.5 0 0 0
257.5 0 0 0
262.5 0 0 0
267.5 0 0 0
272.5 0 0 0
277.5 0 0 0
282.5 0 0 0
287.5 0 0 0
292.5 0 0 0
297.5 0 0 0
