17.5 2371.2 3292.11 1753
22.5 1904.17 2207.9 1685
27.5 1183.04 1277.33 1127
32.5 612.735 633.466 607
37.5 298.897 306.016 298
42.5 186.372 191.005 185
47.5 130.895 131.656 132
52.5 63.9808 64.5423 64
57.5 45.4724 46.2991 45
62.5 19.0212 19.2049 19
67.5 11.8654 11.797 12
72.5 16.0595 16.2054 16
77.5 11.1816 11.4057 11
82.5 7.13352 7.29942 7
87.5 6.08325 6.19841 6
92.5 1.01395 1.0281 1
97.5 3.88506 3.78147 4
102.5 1.0412 1.0841 1
107.5 1.05874 1.12092 1
112.5 0.96229 0.926003 1
117.5 0 0 0
122.5 0.957149 0.916134 1
127.5 0.994894 0.989814 1
132.5 1.04751 1.09728 1
137.5 0 0 0
142.5 0 0 0
147.5 0 0 0
152.5 0 0 0
157.5 0 0 0
162.5 0 0 0
167.5 0 0 0
172.5 0 0 0
177.5 0 0 0
182.5 0 0 0
187.5 0 0 0
192.5 0 0 0
197.5 0 0 0
202.5 0 0 0
207.5 0 0 0
212.5 0 0 0
217.5 0 0 0
222.5 0 0 0
227.5 0 0 0
232.5 0 0 0
237.5 0 0 0
242.5 0 0 0
247.5 0 0 0
252.5 0 0 0
257.5 0 0 0
262.5 0 0 0
267.5 0 0 0
272.5 0 0 0
277.5 0 0 0
282.5 0 0 0
287.5 0 0 0
292.5 0 0 0
297.5 0 0 0
