17.5 4753.6 7347.2 3193
22.5 2991.21 3892.41 2397
27.5 1759.71 2070.61 1566
32.5 933.28 1049.56 864
37.5 458.918 498.547 439
42.5 262.834 282.8 251
47.5 148.741 156.347 145
52.5 115.212 120.844 112
57.5 66.1634 70.5665 63
62.5 36.598 37.7029 36
67.5 21.1646 21.5148 21
72.5 15.5336 16.2529 15
77.5 11.2991 11.6979 11
82.5 6.35376 6.78731 6
87.5 12.6065 13.3745 12
92.5 2.15616 2.32565 2
97.5 3.88546 3.77631 4
102.5 4.2966 4.64441 4
107.5 2.16801 2.35256 2
112.5 0 0 0
117.5 0 0 0
122.5 1.01859 1.03753 1
127.5 0.934206 0.87274 1
132.5 2.05684 2.12077 2
137.5 0 0 0
142.5 0 0 0
147.5 0 0 0
152.5 0 0 0
157.5 0 0 0
162.5 0 0 0
167.5 0 0 0
172.5 0 0 0
177.5 0 0 0
182.5 0 0 0
187.5 0 0 0
192.5 0 0 0
197.5 0 0 0
202.5 0 0 0
207.5 0 0 0
212.5 0 0 0
217.5 0 0 0
222.5 0 0 0
227.5 0 0 0
232.5 0 0 0
237.5 0 0 0
242.5 0 0 0
247.5 0 0 0
252.5 0 0 0
257.5 0 0 0
262.5 0 0 0
267.5 0 0 0
272.5 0 0 0
277.5 0 0 0
282.5 0 0 0
287.5 0 0 0
292.5 0 0 0
297.5 0 0 0
