17.5 711.963 13258.5 39
22.5 51953.4 1.11292e+06 2510
27.5 36640.9 909583 1537
32.5 23098.6 667003 832
37.5 15194.7 518625 463
42.5 8697.51 351766 221
47.5 6007.09 261762 141
52.5 4663.19 232634 95
57.5 2426.46 132749 45
62.5 1535.43 91328.5 26
67.5 1157.54 75117.3 18
72.5 635.319 45066.7 9
77.5 1215.19 92820.2 16
82.5 630.221 49887.3 8
87.5 95.8015 9177.92 1
92.5 694.574 60607.8 8
97.5 280.368 26242.3 3
102.5 0 0 0
107.5 213.582 22869.8 2
112.5 105.913 11217.6 1
117.5 122.339 14966.8 1
122.5 0 0 0
127.5 129.237 16702.3 1
132.5 0 0 0
137.5 130.64 17066.9 1
142.5 0 0 0
147.5 0 0 0
152.5 0 0 0
157.5 0 0 0
162.5 0 0 0
167.5 0 0 0
172.5 0 0 0
177.5 0 0 0
182.5 0 0 0
187.5 0 0 0
192.5 0 0 0
197.5 0 0 0
202.5 0 0 0
207.5 0 0 0
212.5 0 0 0
217.5 0 0 0
222.5 0 0 0
227.5 0 0 0
232.5 0 0 0
237.5 0 0 0
242.5 0 0 0
247.5 0 0 0
252.5 0 0 0
257.5 0 0 0
262.5 0 0 0
267.5 0 0 0
272.5 0 0 0
277.5 0 0 0
282.5 0 0 0
287.5 0 0 0
292.5 0 0 0
297.5 0 0 0
