17.5 462.523 8390.13 26
22.5 38549.1 811935 1914
27.5 45245.4 1.01589e+06 2123
32.5 41534.8 1.00221e+06 1834
37.5 34474.9 913153 1400
42.5 24823.7 744177 900
47.5 17530 576689 577
52.5 12494 476113 356
57.5 8217.47 350756 210
62.5 4337.78 204107 100
67.5 3418.92 185937 66
72.5 1980.1 112822 36
77.5 1442.05 89667.1 24
82.5 1076.26 74044.1 16
87.5 961.45 67800.5 14
92.5 533.062 41685 7
97.5 632.043 57532.6 7
102.5 581.663 49368.3 7
107.5 616.436 54650.6 7
112.5 0 0 0
117.5 407.777 42419.7 4
122.5 0 0 0
127.5 108.729 11821.9 1
132.5 210.05 22065 2
137.5 133.146 17727.7 1
142.5 254.574 32489.2 2
147.5 0 0 0
152.5 0 0 0
157.5 0 0 0
162.5 0 0 0
167.5 0 0 0
172.5 0 0 0
177.5 0 0 0
182.5 0 0 0
187.5 0 0 0
192.5 0 0 0
197.5 0 0 0
202.5 0 0 0
207.5 0 0 0
212.5 0 0 0
217.5 0 0 0
222.5 0 0 0
227.5 0 0 0
232.5 0 0 0
237.5 0 0 0
242.5 0 0 0
247.5 0 0 0
252.5 0 0 0
257.5 0 0 0
262.5 0 0 0
267.5 0 0 0
272.5 0 0 0
277.5 0 0 0
282.5 0 0 0
287.5 0 0 0
292.5 0 0 0
297.5 0 0 0
