17.5 237.519 4435.15 13
22.5 20166.8 422588 1008
27.5 28598 635078 1362
32.5 29992.4 695594 1373
37.5 30079.7 760251 1283
42.5 26299.9 721430 1042
47.5 21993 660589 810
52.5 15904.9 527928 530
57.5 11460.1 416100 348
62.5 7937.26 309689 225
67.5 5197.65 237520 128
72.5 3382.39 167414 74
77.5 2290.28 119514 47
82.5 2053.22 125116 36
87.5 1080.81 71203 17
92.5 551.398 39375.2 8
97.5 710.372 52060.8 10
102.5 655.802 54682.3 8
107.5 528.09 46666.9 6
112.5 274.054 25475.3 3
117.5 176.321 15545.9 2
122.5 403.488 41703.7 4
127.5 178.814 16386.8 2
132.5 94.2174 8876.91 1
137.5 482.196 58799.8 4
142.5 0 0 0
147.5 87.4328 7644.49 1
152.5 120.761 14583.3 1
157.5 0 0 0
162.5 0 0 0
167.5 0 0 0
172.5 0 0 0
177.5 0 0 0
182.5 0 0 0
187.5 0 0 0
192.5 0 0 0
197.5 0 0 0
202.5 0 0 0
207.5 0 0 0
212.5 0 0 0
217.5 0 0 0
222.5 0 0 0
227.5 0 0 0
232.5 0 0 0
237.5 0 0 0
242.5 0 0 0
247.5 0 0 0
252.5 0 0 0
257.5 0 0 0
262.5 0 0 0
267.5 0 0 0
272.5 0 0 0
277.5 0 0 0
282.5 0 0 0
287.5 0 0 0
292.5 0 0 0
297.5 0 0 0
