5 0.00605227 0.000744983 0.0227419 0.00144411 0.0342962 0.00177341 0.0410821 0.00194095 0.0400734 0.00191697 0.0288858 0.00162753
15 0.0278771 0.00159886 0.0649243 0.00244001 0.0705181 0.00254295 0.0572215 0.00229069 0.0441082 0.00201116 0.00953691 0.000935171
25 0.0488767 0.00211708 0.0753783 0.00262912 0.0532783 0.00221036 0.0305365 0.00167339 0.0153141 0.00118504 0.000366804 0.000183402
35 0.058597 0.00231806 0.0599725 0.00234511 0.0368638 0.0018386 0.0178817 0.00128054 0.00284273 0.00051057 0 0
45 0.0628152 0.00240005 0.0532783 0.00221036 0.0228336 0.00144702 0.0087116 0.000893791 0.000275103 0.000158831 9.17011e-05 9.17011e-05
55 0.0659331 0.00245889 0.040807 0.00193444 0.012563 0.00107333 0.00146722 0.000366804 0 0 0 0
65 0.0736359 0.00259856 0.0287941 0.00162495 0.00513526 0.000686228 0.000825309 0.000275103 9.17011e-05 9.17011e-05 0 0
75 0.0924347 0.00291142 0.0221917 0.00142653 0.00247593 0.000476493 0.000183402 0.000129685 0 0 0 0
85 0.116552 0.00326924 0.0110041 0.00100453 0.000825309 0.000275103 0 0 0 0 0 0
95 0.478221 0.00662219 0.0102705 0.000970473 0.00110041 0.000317662 0 0 0 0 0 0
