-1.25 0.977959 0.0399583 -1.25 1.95265 0.0564624 0.556735 0.0301489
-0.9 1.52245 0.0788294 -0.9375 2.62531 0.130938 0.679184 0.0665994
-0.7 2.7551 0.106044 -0.8125 3.1151 0.142631 0.816327 0.0730145
-0.5 4.29796 0.132449 -0.6875 3.29796 0.146757 0.620408 0.0636525
-0.35 5.91837 0.219803 -0.5625 3.9249 0.1601 0.568163 0.0609135
-0.25 6.87347 0.236875 -0.4375 4.78041 0.176689 0.888163 0.0761594
-0.15 9.60816 0.280061 -0.3125 5.68163 0.192625 0.620408 0.0636525
0 11.8122 0.219575 -0.1875 8.04571 0.229224 0.75102 0.070033
0.15 9.24898 0.274776 0 10.0833 0.181452 0.698776 0.0477673
0.25 7.07755 0.240366 0.1875 7.62122 0.223095 0.875102 0.0755973
0.35 5.8449 0.218434 0.3125 5.80571 0.194717 0.803265 0.072428
0.5 1.73878 0.0842439 0.4375 4.58449 0.17303 0.666122 0.065956
0.7 2.81224 0.107138 0.5625 3.50694 0.151336 0.626939 0.0639867
0.9 1.69388 0.0831492 0.6875 3.23918 0.145444 0.809796 0.0727218
1.25 0.884898 0.0380096 0.8125 3.1151 0.142631 0.711837 0.0681816
0 -nan -nan 0.9375 2.46204 0.126802 0.568163 0.0609135
0 -nan -nan 1.25 1.80082 0.0542228 0.573061 0.0305877
