1 0.927938 0.0320742 0.816798 0.0207066 0.673005 0.0134252 0.5512 0.0103687 0.423619 0.00848427 0.387629 0.00745855
3 0.0698448 0.00879962 0.173228 0.00953591 0.281735 0.00868627 0.33899 0.00813133 0.366015 0.00788636 0.252296 0.00601729
5 0.00221729 0.00156786 0.00997375 0.00228814 0.0425817 0.00337695 0.089331 0.00417416 0.152591 0.00509204 0.214409 0.00554711
7 0 0 0 0 0.00214247 0.000757479 0.0177492 0.00186062 0.0435004 0.00271878 0.102325 0.0038321
9 0 0 0 0 0.000535619 0.00037874 0.0025356 0.000703248 0.011045 0.00136997 0.0325775 0.00216224
11 0 0 0 0 0 0 0.000195046 0.000195046 0.00305862 0.000720925 0.00789323 0.00106432
13 0 0 0 0 0 0 0 0 0.000169924 0.000169924 0.00258324 0.000608875
15 0 0 0 0 0 0 0 0 0 0 0.000287026 0.000202958
17 0 0 0 0 0 0 0 0 0 0 0 0
19 0 0 0 0 0 0 0 0 0 0 0 0
21 0 0 0 0 0 0 0 0 0 0 0 0
23 0 0 0 0 0 0 0 0 0 0 0 0
25 0 0 0 0 0 0 0 0 0 0 0 0
27 0 0 0 0 0 0 0 0 0 0 0 0
29 0 0 0 0 0 0 0 0 0 0 0 0
31 0 0 0 0 0 0 0 0 0 0 0 0
33 0 0 0 0 0 0 0 0 0 0 0 0
35 0 0 0 0 0 0 0 0 0 0 0 0
37 0 0 0 0 0 0 0 0 0 0 0 0
39 0 0 0 0 0 0 0 0 0 0 0 0
41 0 0 0 0 0 0 0 0 0 0 0 0
43 0 0 0 0 0 0 0 0 0 0 0 0
45 0 0 0 0 0 0 0 0 0 0 0 0
47 0 0 0 0 0 0 0 0 0 0 0 0
49 0 0 0 0 0 0 0 0 0 0 0 0
