0.1 1.20741 0.0106978
0.3 0.963952 0.0135695
0.5 0.801743 0.0137611
0.7 0.754385 0.0141287
0.9 0.736348 0.0143926
1.1 0.691482 0.0139498
1.3 0.670758 0.013892
1.5 0.664119 0.0140214
1.7 0.613123 0.01354
1.9 0.602683 0.0140991
2.1 0.562087 0.0140591
2.3 0.569388 0.0151639
2.5 0.577967 0.0167596
2.7 0.601931 0.0191476
2.9 0.623356 0.0219462
3.1 0.677345 0.0270459
3.3 0.745151 0.0333238
3.5 0.831765 0.0430372
3.7 0.827813 0.0512878
3.9 0.82019 0.0602384
4.1 0.922052 0.0879418
4.3 0.989519 0.116608
4.5 1.23408 0.199544
4.7 0.979982 0.243047
4.9 0.956129 0.352274
5.1 1.87548 0.988466
5.3 1.25032 1.02088
5.7 1.25032 1.76822
