1 0.916667 0.195434 0.890244 0.104195 0.869822 0.0507291 0.744582 0.0240063 0.509187 0.0125927 0.424459 0.00860528
3 0.0833333 0.0589256 0.109756 0.0365854 0.121302 0.0189442 0.226006 0.013226 0.323264 0.0100336 0.235869 0.00641479
5 0 0 0 0 0.00591716 0.00418406 0.0263158 0.00451312 0.124572 0.00622859 0.214759 0.00612101
7 0 0 0 0 0.00295858 0.00295858 0.00232198 0.0013406 0.0367487 0.00338299 0.087404 0.00390492
9 0 0 0 0 0 0 0.000773994 0.000773994 0.00498287 0.00124572 0.0280879 0.00221364
11 0 0 0 0 0 0 0 0 0.000934288 0.000539412 0.00680391 0.0010895
13 0 0 0 0 0 0 0 0 0.000311429 0.000311429 0.00209351 0.000604344
15 0 0 0 0 0 0 0 0 0 0 0.000523378 0.000302172
17 0 0 0 0 0 0 0 0 0 0 0 0
19 0 0 0 0 0 0 0 0 0 0 0 0
21 0 0 0 0 0 0 0 0 0 0 0 0
23 0 0 0 0 0 0 0 0 0 0 0 0
25 0 0 0 0 0 0 0 0 0 0 0 0
27 0 0 0 0 0 0 0 0 0 0 0 0
29 0 0 0 0 0 0 0 0 0 0 0 0
31 0 0 0 0 0 0 0 0 0 0 0 0
33 0 0 0 0 0 0 0 0 0 0 0 0
35 0 0 0 0 0 0 0 0 0 0 0 0
37 0 0 0 0 0 0 0 0 0 0 0 0
39 0 0 0 0 0 0 0 0 0 0 0 0
41 0 0 0 0 0 0 0 0 0 0 0 0
43 0 0 0 0 0 0 0 0 0 0 0 0
45 0 0 0 0 0 0 0 0 0 0 0 0
47 0 0 0 0 0 0 0 0 0 0 0 0
49 0 0 0 0 0 0 0 0 0 0 0 0
