5 0.0107833 0.00104737 0.0351984 0.00189228 0.0520855 0.00230187 0.0568667 0.00240521 0.0581892 0.00243301 0.0342828 0.0018675
15 0.0343845 0.00187027 0.0944049 0.00309899 0.0780264 0.00281737 0.057884 0.00242662 0.0441506 0.00211929 0.00793489 0.00089845
25 0.0597152 0.00246471 0.0900305 0.00302634 0.0521872 0.00230412 0.0305188 0.001762 0.0111902 0.00106695 0 0
35 0.0717192 0.0027011 0.0672431 0.00261545 0.0295015 0.00173239 0.0123093 0.00111902 0.00142421 0.000380637 0.000101729 0.000101729
45 0.0736521 0.00273726 0.0553408 0.00237272 0.0177009 0.0013419 0.00396745 0.0006353 0.000305188 0.0001762 0 0
55 0.0772126 0.00280264 0.0370295 0.00194087 0.00925738 0.000970437 0.00203459 0.000454948 0.000101729 0.000101729 0 0
65 0.0820956 0.0028899 0.0274669 0.00167158 0.00417091 0.000651386 0.000305188 0.0001762 0 0 0 0
75 0.0936928 0.00308728 0.0153611 0.00125007 0.00152594 0.000393996 0.000203459 0.000143867 0 0 0 0
85 0.118311 0.00346926 0.00742625 0.000869176 0.000712106 0.000269151 0 0 0 0 0 0
95 0.464802 0.00687634 0.00671414 0.000826454 0.000203459 0.000143867 0 0 0 0 0 0
