-1.25 -0.211688 0.0135645 -1.25 1.44393 0.0354266 0.531209 0.0214877
-0.9 0.29613 0.0253669 -0.9375 1.13446 0.062803 0.325758 0.0336538
-0.7 0.604085 0.0362306 -0.8125 1.16513 0.0636465 -0.0730117 0.0159325
-0.5 1.37135 0.0545884 -0.6875 0.857512 0.0546018 -0.013907 0.0069535
-0.35 2.79659 0.110244 -0.5625 1.20432 0.0647081 -0.114245 0.0199299
-0.25 3.98522 0.131604 -0.4375 1.65841 0.0759333 -0.213683 0.0272566
-0.15 5.54542 0.155242 -0.3125 2.89252 0.100282 -0.316384 0.0331661
0 8.1056 0.132715 -0.1875 4.33169 0.12272 -0.341098 0.0344371
0.15 5.80274 0.158803 0 7.06105 0.110791 -0.394454 0.026186
0.25 3.85872 0.129498 0.1875 4.27487 0.121913 -0.341672 0.034466
0.35 2.68959 0.108115 0.3125 2.86291 0.0997679 -0.278956 0.0311426
0.5 0.674154 0.0382742 0.4375 1.98467 0.0830675 -0.378966 0.0362983
0.7 0.604655 0.0362477 0.5625 1.21339 0.064951 -0.309431 0.0327996
0.9 0.272406 0.0243296 0.6875 1.03607 0.060018 -0.0764885 0.0163074
1.25 -0.191901 0.012915 0.8125 1.03235 0.05991 0.183684 0.025271
0 -nan -nan 0.9375 1.08353 0.0613773 0.103262 0.0189477
0 -nan -nan 1.25 1.38633 0.0347129 0.538446 0.0216336
