-1.25 1.47733 0.0493541 -1.25 2.78318 0.0677416 0.765045 0.0355163
-0.9 2.98183 0.110865 -0.9375 4.02968 0.163023 0.89695 0.0769128
-0.7 3.92349 0.127172 -0.8125 4.21987 0.166826 0.751855 0.0704177
-0.5 5.63067 0.152347 -0.6875 4.6958 0.175982 0.923331 0.0780357
-0.35 7.1723 0.243164 -0.5625 5.00577 0.181698 0.877164 0.0760598
-0.25 8.85408 0.270173 -0.4375 5.70486 0.193971 0.890354 0.0766295
-0.15 11.0058 0.301217 -0.3125 7.10305 0.21644 0.877164 0.0760598
0 13.5532 0.236361 -0.1875 9.22012 0.246594 0.87645 0.0760288
0.15 10.8491 0.299066 0 11.9308 0.198351 1.00247 0.0574958
0.25 8.81286 0.269543 0.1875 8.97609 0.243309 0.962902 0.0796903
0.35 7.27947 0.244974 0.3125 6.78648 0.211562 0.844188 0.0746164
0.5 2.41138 0.0996982 0.4375 5.81039 0.195757 0.738664 0.0697972
0.7 3.80874 0.125298 0.5625 5.38429 0.188442 0.877164 0.0760598
0.9 2.31667 0.0977208 0.6875 4.80791 0.178071 1.02885 0.0823743
1.25 1.26628 0.045693 0.8125 4.31327 0.168662 0.771641 0.0713382
0 -nan -nan 0.9375 3.62077 0.154531 0.844188 0.0746164
0 -nan -nan 1.25 2.76255 0.0674901 0.657873 0.0329348
