2.5 0.222828 0.00398927
7.5 0.388816 0.00338153
12.5 0.535543 0.00354086
17.5 0.636066 0.00355214
22.5 0.69907 0.00345736
27.5 0.751968 0.00334999
32.5 0.783367 0.00325788
37.5 0.809538 0.00318864
42.5 0.829015 0.00294083
47.5 0.84948 0.00276381
52.5 0.85867 0.00261554
57.5 0.864311 0.00258918
62.5 0.873852 0.00255249
67.5 0.881621 0.00233328
72.5 0.887222 0.00235431
77.5 0.892684 0.00211829
82.5 0.900794 0.00202911
87.5 0.902522 0.00203382
92.5 0.910234 0.00178931
97.5 0.91149 0.0018558
102.5 0.909518 0.00147469
107.5 0.918539 0.00150838
112.5 0.919909 0.0017226
117.5 0.927214 0.00176154
122.5 0.929193 0.00209395
127.5 0.933466 0.00225592
132.5 0.943097 0.001958
137.5 0.941055 0.00228954
142.5 0.94374 0.00227646
147.5 0.946229 0.00277618
152.5 0.944602 0.0028145
157.5 0.949928 0.00372899
162.5 0.954556 0.00266584
167.5 0.956719 0.00310207
172.5 0.959693 0.00386336
177.5 0.958169 0.00330635
182.5 0.961139 0.00498054
187.5 0.964054 0.0039231
192.5 0.957918 0.00437331
197.5 0.95981 0.00480663
