2.5 0.420773 0.00467179
7.5 0.678143 0.00260531
12.5 0.808944 0.00166054
17.5 0.864657 0.0013025
22.5 0.895486 0.00109086
27.5 0.912984 0.000996507
32.5 0.925339 0.000920202
37.5 0.937061 0.000824965
42.5 0.944956 0.000772491
47.5 0.94845 0.000744472
52.5 0.953501 0.000683344
57.5 0.957719 0.000653124
62.5 0.960424 0.000631323
67.5 0.96292 0.00059726
72.5 0.965465 0.000584974
77.5 0.967608 0.000542978
82.5 0.96948 0.000531294
87.5 0.971055 0.000503103
92.5 0.972828 0.000457979
97.5 0.975399 0.000437936
102.5 0.977652 0.000306484
107.5 0.979386 0.00032817
112.5 0.979698 0.000363285
117.5 0.981897 0.000363797
122.5 0.981909 0.000417648
127.5 0.983587 0.000437557
132.5 0.984572 0.000462915
137.5 0.984397 0.000538912
142.5 0.985801 0.000535655
147.5 0.986089 0.00060873
152.5 0.98582 0.000710632
157.5 0.98732 0.000768927
162.5 0.987192 0.000817228
167.5 0.987654 0.00074276
172.5 0.988294 0.000878643
177.5 0.989956 0.000695613
182.5 0.988947 0.00130491
187.5 0.989062 0.000990221
192.5 0.991588 0.00110975
197.5 0.989313 0.00102243
