-1.25 -0.280169 0.0217453 -1.25 0.83038 0.0374364 0.371308 0.0250336
-0.9 0.0421941 0.0133429 -0.9375 0.729114 0.070159 0.121519 0.0286423
-0.7 0.168776 0.0266859 -0.8125 0.708861 0.0691777 0 0
-0.5 1.21519 0.0716057 -0.6875 0.877637 0.0769739 0.0405063 0.0165366
-0.35 1.60046 0.116215 -0.5625 1.01266 0.0826832 -0.12827 0.0294272
-0.25 3.27426 0.166225 -0.4375 0.938397 0.0795938 -0.0135021 0.00954743
-0.15 4.75105 0.200233 -0.3125 2.22785 0.122639 -0.141772 0.0309372
0 6.86076 0.170142 -0.1875 7.595 0.226438 -0.3173 0.0462829
0.15 5.33333 0.212149 0 5.98481 0.142133 -0.18903 0.0252601
0.25 3.50211 0.171912 0.1875 3.69283 0.157894 -0.222785 0.0387819
0.35 6.72582 0.238239 0.3125 1.87679 0.112563 -0.114768 0.0278353
0.5 0.590717 0.0499247 0.4375 1.43564 0.0984484 -0.0877637 0.0243413
0.7 0.464135 0.0442535 0.5625 1.01941 0.0829584 -0.270042 0.0426974
0.9 -0.0295359 0.0111635 0.6875 0.688608 0.0681823 -0.0472574 0.0178616
1.25 -0.133333 0.0150012 0.8125 0.668354 0.0671721 0.0472574 0.0178616
0 -nan -nan 0.9375 0.668354 0.0671721 0.141772 0.0309372
0 -nan -nan 1.25 0.865823 0.038227 0.291983 0.0221991
