-1.25 0.982036 0.0409894 -1.25 1.97092 0.0580686 0.542344 0.0304611
-0.9 1.71514 0.0856501 -0.9375 2.71001 0.136183 0.691189 0.0687759
-0.7 2.66895 0.106843 -0.8125 3.03165 0.144038 0.643285 0.0663498
-0.5 4.32849 0.136065 -0.6875 3.28486 0.149933 0.636441 0.0659959
-0.35 6.27887 0.231757 -0.5625 4.26638 0.170871 0.766467 0.0724243
-0.25 7.49358 0.253185 -0.4375 4.284 0.171223 0.650128 0.0667018
-0.15 9.42686 0.283973 -0.3125 5.52267 0.194407 0.73225 0.0707893
0 11.5501 0.222265 -0.1875 7.44568 0.22573 0.55432 0.0615911
0.15 9.61506 0.286793 0 10.1078 0.185973 0.728828 0.0499385
0.25 7.44226 0.252316 0.1875 7.78785 0.230859 0.691189 0.0687759
0.35 5.87682 0.224215 0.3125 5.66638 0.19692 0.629598 0.0656401
0.5 1.94183 0.0911346 0.4375 4.7083 0.179502 0.602224 0.0641973
0.7 2.76732 0.108795 0.5625 4.35928 0.172721 0.786997 0.0733879
0.9 1.73225 0.0860762 0.6875 3.8118 0.161511 0.711719 0.0697898
1.25 0.898204 0.0392008 0.8125 3.44226 0.153483 0.53379 0.0604398
0 -nan -nan 0.9375 2.90163 0.140915 0.472198 0.056846
0 -nan -nan 1.25 2.01738 0.0587491 0.525235 0.0299768
