17.5 1.16519 0.000650697
22.5 1.01249 0.000624488
27.5 0.952779 0.000670002
32.5 0.94802 0.00068709
37.5 0.968851 0.000605756
42.5 0.992898 0.000451114
47.5 1.00876 0.000315683
52.5 1.01417 0.000260306
57.5 1.00848 0.000262468
62.5 1.00288 0.00028282
67.5 0.997694 0.000310758
72.5 0.993329 0.000347331
77.5 0.990769 0.000388659
82.5 0.988474 0.00043714
87.5 0.986074 0.000488733
92.5 0.983566 0.000552353
97.5 0.982958 0.000618769
102.5 0.982727 0.000692587
107.5 0.982466 0.000772121
112.5 0.981812 0.000865574
117.5 0.981448 0.000954284
122.5 0.980767 0.00104518
127.5 0.97839 0.00114083
132.5 0.976772 0.00126836
137.5 0.979292 0.00142527
142.5 0.977651 0.0015496
147.5 0.981432 0.00171112
152.5 0.977832 0.00176374
157.5 0.975957 0.00195527
162.5 0.979304 0.00212913
167.5 0.980092 0.00227996
172.5 0.973286 0.0027039
177.5 0.975458 0.00268179
182.5 0.981392 0.00319963
187.5 0.975098 0.00332914
192.5 0.976908 0.00350541
197.5 0.979767 0.00379742
202.5 0.973843 0.00429592
207.5 0.979925 0.00432567
212.5 0.986281 0.00412984
217.5 0.97533 0.00524831
222.5 0.974886 0.00537794
227.5 0.971458 0.00599318
232.5 0.975625 0.00584879
237.5 0.983329 0.00676072
242.5 0.965226 0.00816591
247.5 0.968134 0.00867163
252.5 0.974624 0.00716809
257.5 0.981011 0.00671255
262.5 0.994759 0.00877341
267.5 0.983449 0.0102874
272.5 0.985822 0.0117031
277.5 0.955239 0.0203089
282.5 0.959583 0.0159129
287.5 0.981374 0.0134282
292.5 0.981087 0.01137
297.5 0.976595 0.0147978
