17.5 21.4686 0.0131348
22.5 25.9143 0.0152529
27.5 32.5182 0.0175452
32.5 36.2887 0.042273
37.5 39.2992 0.0195635
42.5 44.049 0.0158818
47.5 48.4688 0.0142444
52.5 52.4943 0.0141332
57.5 56.52 0.0156964
62.5 60.8448 0.0186453
67.5 65.5489 0.0226987
72.5 70.5305 0.0277619
77.5 75.6605 0.0332197
82.5 80.7653 0.0399276
87.5 85.9789 0.0477992
92.5 91.1542 0.0565907
97.5 96.4133 0.0672278
102.5 101.563 0.079387
107.5 106.753 0.0903474
112.5 111.982 0.107441
117.5 117.296 0.117188
122.5 122.257 0.136219
127.5 127.292 0.16215
132.5 132.461 0.1803
137.5 137.62 0.216227
142.5 142.571 0.240288
147.5 147.662 0.282952
152.5 153.397 0.283324
157.5 158.498 0.350151
162.5 163.37 0.401906
167.5 168.687 0.39449
172.5 173.62 0.475837
177.5 179.454 0.593157
182.5 183.073 0.585735
187.5 188.482 0.560113
192.5 194.667 0.724984
197.5 200.55 0.80082
202.5 203.535 0.950759
207.5 209.962 0.959072
212.5 214.231 1.28792
217.5 217.877 1.29019
222.5 224.537 1.33716
227.5 229.549 1.4337
232.5 233.876 1.53375
237.5 239.635 1.4979
242.5 247.593 1.82803
247.5 249.429 1.27109
252.5 253.481 1.85009
257.5 258.554 2.13727
262.5 261.5 2.58262
267.5 271.784 3.49205
272.5 276.375 3.92318
277.5 281.446 3.38861
282.5 288.156 6.56505
287.5 288.937 2.32333
292.5 297.954 2.38021
297.5 295.422 2.00199
