0.1 1.10591 0.00968547
0.3 0.967801 0.013019
0.5 0.920653 0.0146515
0.7 0.896456 0.015262
0.9 0.888897 0.0157938
1.1 0.850187 0.0154618
1.3 0.856272 0.0158808
1.5 0.825657 0.0154756
1.7 0.80166 0.0157629
1.9 0.771713 0.0159331
2.1 0.775593 0.0167667
2.3 0.708697 0.0166467
2.5 0.742226 0.0190137
2.7 0.740113 0.0212672
2.9 0.746494 0.0237462
3.1 0.764603 0.027591
3.3 0.787932 0.0336563
3.5 0.817009 0.0398438
3.7 0.72984 0.0439125
3.9 0.883546 0.063977
4.1 0.921227 0.0846435
4.3 0.855822 0.0974309
4.5 1.00991 0.171431
4.7 0.999601 0.234187
4.9 0.56848 0.211585
5.1 1.44704 0.638085
5.3 1.44704 1.1052
5.7 1.08528 1.53482
