-0.9 1.02499 0.346651
-0.7 0.988381 0.19131
-0.5 1.12835 0.140795
-0.3 1.04638 0.0894133
-0.1 0.972383 0.0473083
0.1 0.938233 0.0120147
0.3 1.06106 0.0152001
0.5 1.03086 0.0152233
0.7 0.993642 0.0153012
0.9 0.940436 0.015245
1.1 0.922066 0.0155041
1.3 0.899035 0.0155445
1.5 0.872702 0.015484
1.7 0.8292 0.0153585
1.9 0.811871 0.0155584
2.1 0.804039 0.0159263
2.3 0.779356 0.0163895
2.5 0.747503 0.0171721
2.7 0.762909 0.0190508
2.9 0.750596 0.020687
3.1 0.823301 0.0256841
3.3 0.783321 0.0282584
3.5 0.830411 0.0349411
3.7 0.875861 0.0427928
3.9 0.831739 0.0476583
4.1 1.12743 0.077814
4.3 0.954721 0.0855682
4.5 1.01239 0.12589
4.7 1.42443 0.272905
4.9 0.852721 0.242941
5.1 0.723521 0.33024
5.3 1.44704 1.1052
5.5 1.08528 1.08528
