-1.25 1.54101 0.0532971 -1.25 2.91922 0.0733557 0.801405 0.0384349
-0.9 2.58065 0.109052 -0.9375 3.80279 0.167449 0.870046 0.0800942
-0.7 4.23041 0.139624 -0.8125 4.11429 0.174172 0.8553 0.0794126
-0.5 5.64977 0.161356 -0.6875 4.55668 0.183297 1.047 0.0878627
-0.35 7.61212 0.264873 -0.5625 5.52978 0.201922 0.943779 0.083419
-0.25 8.28571 0.276344 -0.4375 6.06083 0.211396 0.774194 0.0755536
-0.15 11.0876 0.319671 -0.3125 7.33362 0.232535 0.973272 0.0847124
0 13.2169 0.246795 -0.1875 9.14286 0.25964 0.877419 0.0804329
0.15 10.8387 0.316063 0 11.5171 0.206056 0.988018 0.0603528
0.25 8.83644 0.28538 0.1875 9.25346 0.261205 1.03226 0.0872417
0.35 8.16012 0.274242 0.3125 7.87565 0.240976 1.06175 0.0884793
0.5 2.51522 0.107661 0.4375 5.97549 0.209902 1.03226 0.0872417
0.7 4.20737 0.139244 0.5625 5.20905 0.195979 0.825806 0.0780314
0.9 2.68664 0.111269 0.6875 4.98433 0.191705 0.943779 0.083419
1.25 1.40881 0.0509596 0.8125 4.3154 0.178378 0.803687 0.0769792
0 -nan -nan 0.9375 3.81935 0.167813 0.700461 0.0718658
0 -nan -nan 1.25 3.03934 0.0748496 0.785253 0.0380457
