2.5 0.860459 0.00307136
7.5 0.96785 0.000847317
12.5 0.982073 0.000541845
17.5 0.98718 0.000390788
22.5 0.989594 0.000348948
27.5 0.991024 0.000298978
32.5 0.991874 0.000287632
37.5 0.993354 0.000227983
42.5 0.993834 0.000230801
47.5 0.994058 0.000243327
52.5 0.994562 0.000198255
57.5 0.994497 0.000237445
62.5 0.994853 0.000217208
67.5 0.99527 0.000193111
72.5 0.995125 0.000225195
77.5 0.995227 0.000216182
82.5 0.995546 0.000187528
87.5 0.995452 0.000189849
92.5 0.995575 0.000172855
97.5 0.995594 0.000208357
102.5 0.99504 0.000156235
107.5 0.995553 0.000177545
112.5 0.995747 0.00018795
117.5 0.996203 0.000175386
122.5 0.996183 0.000205485
127.5 0.996497 0.000266902
132.5 0.996698 0.000248455
137.5 0.996714 0.000274539
142.5 0.99738 0.00022336
147.5 0.99752 0.000237606
152.5 0.997091 0.000321467
157.5 0.997808 0.000378308
162.5 0.997461 0.000358079
167.5 0.997966 0.000302488
172.5 0.997764 0.000389802
177.5 0.998387 0.000250019
182.5 0.99852 0.000336473
187.5 0.998586 0.000265284
192.5 0.998514 0.00041124
197.5 0.997555 0.000724054
