0.1 1.18256 0.0108992
0.3 0.971159 0.0141266
0.5 0.826943 0.0146582
0.7 0.786627 0.0151793
0.9 0.786163 0.0156845
1.1 0.724565 0.0150096
1.3 0.679892 0.0145918
1.5 0.671422 0.0147605
1.7 0.642798 0.0146845
1.9 0.589529 0.0143825
2.1 0.589919 0.015302
2.3 0.548417 0.015534
2.5 0.542527 0.0165688
2.7 0.573642 0.0194693
2.9 0.572128 0.0218841
3.1 0.617515 0.0261379
3.3 0.670662 0.0324756
3.5 0.592958 0.0351268
3.7 0.681429 0.0467848
3.9 0.677916 0.057838
4.1 0.73021 0.0754115
4.3 0.649502 0.0871287
4.5 0.591368 0.118975
4.7 1.0988 0.298754
4.9 1.02504 0.373089
5.1 0.567713 0.474983
5.3 0.709641 0.614567
