0.1 0.442789 0.0585459 0.626636 0.127401 -0.291954 0.250915 -2.49197 0.565534 -30.1332 2.30319 0.130343 0.0187859 -31.8477 2.38896 -31.8477
0.3 0.996496 0.109939 1.42383 0.172554 0.350212 0.191708 -0.285878 0.261778 -0.821279 0.636935 0.369605 0.0382043 1.66338 0.743523 -30.1843
0.5 1.49962 0.1287 1.79698 0.164722 0.587507 0.129356 0.00705651 0.104529 -0.27961 0.178867 0.474457 0.0464842 3.61155 0.32148 -26.5728
0.7 1.67488 0.130829 1.60931 0.149754 0.552982 0.0889107 -0.113413 0.0673209 0.0672179 0.0576277 0.622787 0.0511518 3.79097 0.235161 -22.7818
0.9 1.6781 0.113753 1.73993 0.128223 0.59938 0.0736544 0.255745 0.0837905 0.327571 0.152731 0.656457 0.0459723 4.60073 0.255252 -18.1811
1.1 1.38444 0.0948324 1.1941 0.0974946 0.419359 0.0751036 0.278129 0.10415 0.413842 0.142992 0.540911 0.044638 3.68987 0.235442 -14.4912
1.3 1.01335 0.0721454 0.93406 0.0739088 0.317803 0.0563707 0.102947 0.045367 0.3474 0.133511 0.437566 0.035007 2.71556 0.183653 -11.7756
1.5 0.627325 0.0521773 0.476136 0.0580034 0.189755 0.0440917 0.133203 0.0732986 0.118799 0.101594 0.31729 0.0282 1.54522 0.154029 -10.2304
1.7 0.32658 0.0435705 0.332901 0.0473796 0.200665 0.0427976 0.137598 0.0434756 0.207025 0.100293 0.259151 0.025383 1.20477 0.133879 -9.02564
1.9 0.872133 0.0965355 0.70643 0.115038 0.363492 0.074191 0.321955 0.100775 0.780675 0.257623 0.421824 0.042497 3.04469 0.323392 -5.98096
