0.1 0.30553 0.0403693 0.21766 0.07977 -0.677492 0.165761 -2.17112 0.36319 -20.3671 1.54112 -nan nan -22.6925 1.5945 -22.6925
0.3 0.964769 0.0761571 0.958342 0.113356 0.0187978 0.142596 -0.290041 0.22053 -1.12056 0.671899 0.273907 0.0259069 0.531311 0.73421 -22.1612
0.5 1.29922 0.0936084 1.49917 0.122504 0.344141 0.110185 -0.222881 0.133364 -0.717212 0.27797 0.425023 0.0339721 2.20244 0.361889 -19.9588
0.7 1.37937 0.0986275 1.40633 0.113466 0.304552 0.0778212 0.0124358 0.0945272 -0.130205 0.15932 0.531389 0.0379364 2.97248 0.250951 -16.9863
0.9 1.43681 0.0866115 1.26917 0.0965822 0.353369 0.0627314 -0.105409 0.0621427 0.0182878 0.109253 0.492019 0.0364356 2.97223 0.191214 -14.0141
1.1 1.10004 0.0676204 0.943815 0.071153 0.198663 0.049886 -0.0315377 0.0287119 -0.032663 0.0515977 0.443385 0.0318486 2.17832 0.124942 -11.8358
1.3 0.69348 0.0495296 0.661975 0.0540325 0.136739 0.0307223 0.00751571 0.0200914 0.0143347 0.0137767 0.356196 0.0254354 1.51404 0.0831265 -10.3217
1.5 0.528936 0.0367687 0.472717 0.0384899 0.162779 0.0298186 0.104606 0.0406476 0.157505 0.0630481 0.301537 0.021654 1.42654 0.0966946 -8.89519
1.7 0.375706 0.0316634 0.344506 0.0327491 0.169289 0.0275346 0.103304 0.0374542 0.221729 0.0686602 0.23064 0.0158244 1.21453 0.0946058 -7.68065
1.9 0.803559 0.061612 0.808284 0.0758761 0.446245 0.0550897 0.353772 0.0692413 0.774334 0.167217 0.431145 0.0287973 3.18619 0.212941 -4.49446
