0.1 0.448752 0.052632 0.375832 0.106277 -0.462538 0.224846 -2.4869 0.492199 -26.2885 2.02467 0.128895 0.0179197 -28.4133 2.09909 -28.4133
0.3 1.02657 0.0936785 1.38405 0.154941 0.273354 0.176825 -0.389667 0.2561 -1.31307 0.64036 0.337271 0.0336515 0.981242 0.734642 -27.4321
0.5 1.48054 0.120712 1.68921 0.153785 0.4093 0.13305 -0.204535 0.146512 -0.611985 0.269385 0.502387 0.0439125 2.76253 0.387243 -24.6696
0.7 1.68046 0.117661 1.67394 0.139839 0.453093 0.0885526 -0.051763 0.0778425 -0.11764 0.082892 0.641979 0.0477607 3.63809 0.232747 -21.0315
0.9 1.64241 0.103555 1.47307 0.110725 0.397611 0.0694771 -0.0579504 0.038153 0.00470566 0.0484174 0.586402 0.0446504 3.45984 0.177794 -17.5716
1.1 1.28809 0.0818782 1.11682 0.0781943 0.349378 0.0552272 0.244458 0.08642 0.41855 0.125125 0.526375 0.0388118 3.41729 0.197467 -14.1543
1.3 0.922504 0.061439 0.861637 0.0636905 0.291751 0.0477609 0.0715445 0.0357293 0.297914 0.106156 0.40151 0.0324507 2.44535 0.150526 -11.709
1.5 0.538909 0.0449989 0.508017 0.0534625 0.21054 0.0422792 0.135437 0.0606448 0.100646 0.0814381 0.293238 0.0257987 1.49355 0.13031 -10.2154
1.7 0.346322 0.0394765 0.36243 0.0461709 0.143365 0.0340656 0.118392 0.0423629 0.202701 0.0921696 0.221689 0.0220189 1.17321 0.123047 -9.04223
1.9 0.739515 0.0826542 0.805948 0.0988453 0.399592 0.0660603 0.440622 0.0942434 0.909495 0.231747 0.345866 0.0364123 3.29517 0.289058 -5.74705
