0.1 0.457392 0.0854215 0.770519 0.187921 0.298764 0.353599 -0.12907 0.849631 -31.1377 3.5059 0.084422 0.0267558 -29.7401 3.63055 -29.7401
0.3 0.867771 0.146982 1.18229 0.218626 0.310852 0.204652 0.00110162 0.185598 0.423329 0.418042 0.338372 0.0488858 2.78535 0.566117 -26.9548
0.5 1.21968 0.152333 1.42543 0.203156 0.596958 0.146267 0.18306 0.109785 0.771392 0.270039 0.457622 0.0589238 4.19652 0.413335 -22.7583
0.7 1.2923 0.155149 1.45461 0.193725 0.815002 0.154792 0.325902 0.131684 0.249978 0.235885 0.586665 0.0642824 4.1378 0.398175 -18.6205
0.9 1.25424 0.161732 1.14009 0.148626 0.627913 0.107936 0.276878 0.143045 0.550751 0.29584 0.468867 0.0704586 3.84988 0.409732 -14.7706
1.1 0.992859 0.129907 1.01815 0.122023 0.477242 0.11545 0.35031 0.125075 0.802864 0.279493 0.528941 0.0622913 3.64143 0.372631 -11.1292
1.3 0.766472 0.102878 0.686509 0.098329 0.310715 0.0890892 0.142618 0.0711743 0.474545 0.258257 0.404766 0.0481197 2.38086 0.316151 -8.7483
1.5 0.54275 0.0743661 0.460532 0.0801637 0.175241 0.0624378 0.111223 0.100185 0.225144 0.170658 0.221887 0.0399399 1.51489 0.234556 -7.23341
1.7 0.333737 0.0632487 0.261066 0.0600333 0.144859 0.0705021 0.138855 0.0621861 0.271227 0.161807 0.1987 0.035143 1.14974 0.206454 -6.08366
1.9 0.513363 0.132892 0.547481 0.135975 0.238909 0.0897905 0.29527 0.116986 0.730895 0.351679 0.319969 0.0517849 2.32592 0.426117 -3.75774
