0.1 0.501322 0.075751 0.684972 0.164742 0.298942 0.304983 -1.55347 0.73743 -29.489 2.96637 0.105374 0.0243785 -29.5572 3.07718 -29.5572
0.3 1.09664 0.12445 1.43122 0.205408 0.289804 0.197572 -0.371527 0.252809 -1.17186 0.479596 0.391303 0.0462487 1.27429 0.625012 -28.2829
0.5 1.29692 0.150784 1.7042 0.188288 0.433202 0.121885 -0.039346 0.0607253 0.141651 0.107061 0.398771 0.0563667 3.53663 0.296974 -24.7463
0.7 1.75587 0.147049 1.94711 0.176765 1.00619 0.124486 0.379574 0.127018 0.465753 0.226936 0.573544 0.0569937 5.5545 0.368781 -19.1918
0.9 1.59949 0.145912 1.70289 0.135525 0.729842 0.094475 0.277603 0.111105 0.49629 0.231802 0.561899 0.0586819 4.80612 0.338614 -14.3857
1.1 1.16 0.113634 1.09434 0.11372 0.500832 0.103932 0.389434 0.133877 0.640452 0.216987 0.570879 0.0572389 3.78505 0.318831 -10.6006
1.3 0.787224 0.0815056 0.815789 0.0949432 0.288333 0.0714572 0.107101 0.0514545 0.381801 0.19568 0.427388 0.0409584 2.38025 0.248399 -8.22039
1.5 0.596814 0.0679934 0.406587 0.067806 0.118976 0.0471901 0.0719048 0.0752748 0.19555 0.152896 0.266938 0.0346438 1.38983 0.201224 -6.83056
1.7 0.269227 0.0556005 0.330633 0.0587751 0.147356 0.0570629 0.135717 0.0564087 0.149616 0.102603 0.170089 0.0293005 1.03255 0.153335 -5.79801
1.9 0.660321 0.108343 0.572901 0.123163 0.304629 0.0728462 0.253004 0.0856144 0.728332 0.284198 0.299248 0.0446443 2.51919 0.34686 -3.27882
