0.1 0.540627 0.0713321 0.572778 0.153443 -0.154667 0.279572 -1.7135 0.648948 -30.9988 2.67361 0.102643 0.0217288 -31.7536 2.77058 -31.7536
0.3 1.10697 0.117656 1.63663 0.200915 0.278458 0.194279 -0.167672 0.269659 -0.557774 0.452506 0.417069 0.0437393 2.29661 0.607809 -29.457
0.5 1.39903 0.147796 1.79466 0.172149 0.629514 0.127822 -0.0233374 0.0876046 -0.110652 0.0806894 0.490313 0.0505919 3.68921 0.286361 -25.7678
0.7 1.76423 0.14729 1.73676 0.160663 0.830933 0.113539 0.332968 0.098354 0.441024 0.208068 0.60583 0.05735 5.10592 0.336695 -20.6618
0.9 1.61751 0.127242 1.53955 0.136944 0.709392 0.0844767 0.240965 0.109533 0.485564 0.205618 0.670357 0.0538918 4.59298 0.310414 -16.0689
1.1 1.34115 0.110233 0.951223 0.0997587 0.434244 0.0887434 0.274072 0.107139 0.605536 0.193994 0.488522 0.050915 3.60622 0.281231 -12.4626
1.3 0.885603 0.0780014 0.91051 0.084297 0.275199 0.066116 0.11026 0.0474202 0.351774 0.168917 0.4601 0.0399928 2.53335 0.219871 -9.92929
1.5 0.580932 0.0577413 0.511513 0.0636551 0.15413 0.0503861 0.0582062 0.0674611 0.16575 0.130153 0.315405 0.0336019 1.47053 0.177245 -8.45876
1.7 0.323145 0.0530735 0.382881 0.0546789 0.182569 0.0577891 0.105193 0.0453134 0.233016 0.125796 0.247862 0.0275294 1.22681 0.16439 -7.23196
1.9 0.688669 0.0976291 0.650104 0.120162 0.290641 0.0722927 0.250418 0.0886404 0.669801 0.268457 0.380544 0.0420727 2.54963 0.330338 -4.68233
