-1.25 -0.159533 0.0176175 -1.25 0.614786 0.0345844 0.287938 0.0236683
-0.9 -0.131323 0.0252731 -0.9375 0.677043 0.0725866 0.077821 0.0246092
-0.7 0.16537 0.0283607 -0.8125 0.412451 0.0566546 -0.0622568 0.0220111
-0.5 0.525292 0.0505462 -0.6875 0.396887 0.0555753 -0.0622568 0.0220111
-0.35 1.18677 0.107445 -0.5625 0.669261 0.0721682 -0.101167 0.0280588
-0.25 1.88716 0.13549 -0.4375 0.785992 0.0782091 -0.178988 0.0373216
-0.15 3.66732 0.188876 -0.3125 1.13619 0.0940315 -0.163424 0.0356621
0 4.23152 0.143462 -0.1875 1.96109 0.123537 -0.163424 0.0356621
0.15 3.31712 0.179632 0 3.80156 0.121623 -0.249027 0.0311284
0.25 1.90661 0.136187 0.1875 2.17121 0.129987 -0.171206 0.0365013
0.35 1.26459 0.110912 0.3125 1.09728 0.0924073 -0.116732 0.0301399
0.5 0.301556 0.0382977 0.4375 0.793774 0.0785954 -0.155642 0.0348026
0.7 0.350195 0.0412708 0.5625 0.785992 0.0782091 -0.178988 0.0373216
0.9 0.0680934 0.0181987 0.6875 0.692607 0.0734162 0.0544747 0.0205895
1.25 -0.180934 0.018762 0.8125 0.373541 0.053916 0.0077821 0.0077821
0 -nan -nan 0.9375 0.599222 0.0682877 0.0622568 0.0220111
0 -nan -nan 1.25 0.702335 0.036965 0.249027 0.0220111
