0.025 13.7844 0.25361 12.0684 0.250999
0.075 3.95451 0.140397 4.43803 0.141558
0.125 1.13997 0.0625625 1.54722 0.0659201
0.175 0.601472 0.0396801 0.867099 0.0402233
0.225 0.325182 0.0188731 0.596751 0.0281643
0.275 0.194503 0.0120289 0.482485 0.0221808
0.325 0.174847 0.0108921 0.5585 0.0312864
0.375 0.133609 0.00920955 0.516133 0.0246583
0.425 0.137854 0.0147114 0.523638 0.0285891
0.475 0.124249 0.0111774 0.504002 0.0233186
0.55 0.0759977 0.00627489 0.486773 0.0189905
0.65 0.0968729 0.00791755 0.51315 0.0224668
0.75 0.0678834 0.00698493 0.491109 0.0208097
0.9 0.0739731 0.00588443 0.481123 0.0174537
