17.5 6167.78 11026.5 3654
22.5 3482.03 5232.17 2459
27.5 1894.28 2575.83 1481
32.5 992.816 1293.82 808
37.5 564.785 702.005 476
42.5 294.663 361.009 250
47.5 187.18 221.499 165
52.5 95.7373 111.092 85
57.5 60.7874 69.1801 55
62.5 40.3799 47.9549 35
67.5 20.5713 22.4761 19
72.5 22.7729 25.259 21
77.5 10.8703 11.9891 10
82.5 10.7943 11.7307 10
87.5 4.86031 6.07573 4
92.5 4.27651 4.62735 4
97.5 1.90616 1.81994 2
102.5 2.23461 2.49823 2
107.5 0 0 0
112.5 5.06421 5.13562 5
117.5 0 0 0
122.5 4.39138 4.83506 4
127.5 0 0 0
132.5 1.1094 1.23077 1
137.5 0 0 0
142.5 0 0 0
147.5 1.04315 1.08816 1
152.5 0.975501 0.951601 1
157.5 1.04017 1.08194 1
162.5 0 0 0
167.5 0 0 0
172.5 0 0 0
177.5 0 0 0
182.5 0 0 0
187.5 0 0 0
192.5 0 0 0
197.5 0 0 0
202.5 0 0 0
207.5 0 0 0
212.5 0 0 0
217.5 0 0 0
222.5 0 0 0
227.5 0 0 0
232.5 0 0 0
237.5 0 0 0
242.5 0 0 0
247.5 0 0 0
252.5 0 0 0
257.5 0 0 0
262.5 0 0 0
267.5 0 0 0
272.5 0 0 0
277.5 0 0 0
282.5 0 0 0
287.5 0 0 0
292.5 0 0 0
297.5 0 0 0
