17.5 514.654 9684.7 28
22.5 40013.6 832440 2004
27.5 43035.3 959165 2034
32.5 40625.4 987423 1782
37.5 33265.7 879703 1352
42.5 23982.5 727433 863
47.5 18776 623805 617
52.5 11923.7 436075 352
57.5 7054.63 300553 179
62.5 5333.46 248411 121
67.5 3951.02 201291 82
72.5 1640.02 91381 31
77.5 2230.91 140208 37
82.5 1147 75866.4 18
87.5 1399.37 104981 19
92.5 597.913 45807 8
97.5 274.708 25294.9 3
102.5 379.08 29145.3 5
107.5 0 0 0
112.5 525.2 55717.1 5
117.5 416.028 43506.9 4
122.5 0 0 0
127.5 450.386 51709 4
132.5 0 0 0
137.5 0 0 0
142.5 0 0 0
147.5 406.536 55459.2 3
152.5 147.105 21640 1
157.5 0 0 0
162.5 158.61 25157 1
167.5 0 0 0
172.5 0 0 0
177.5 0 0 0
182.5 0 0 0
187.5 0 0 0
192.5 0 0 0
197.5 0 0 0
202.5 0 0 0
207.5 0 0 0
212.5 0 0 0
217.5 0 0 0
222.5 0 0 0
227.5 0 0 0
232.5 0 0 0
237.5 0 0 0
242.5 0 0 0
247.5 0 0 0
252.5 0 0 0
257.5 0 0 0
262.5 0 0 0
267.5 0 0 0
272.5 0 0 0
277.5 0 0 0
282.5 0 0 0
287.5 0 0 0
292.5 0 0 0
297.5 0 0 0
