17.5 324.04 5976.45 18
22.5 21362 450876 1059
27.5 26136.3 576501 1250
32.5 30311.1 702206 1393
37.5 28753.9 723835 1229
42.5 25167 681192 1013
47.5 21089.7 628622 775
52.5 16162.7 532213 542
57.5 11910.9 435959 363
62.5 8733.81 355065 240
67.5 4954.8 218173 121
72.5 4132.13 193440 99
77.5 2569.38 133697 53
82.5 2073.55 125440 36
87.5 1574.21 104303 25
92.5 680.795 47288.3 11
97.5 1133.57 82953 16
102.5 393.922 27745 6
107.5 294.709 29492.9 3
112.5 174.466 15746.9 2
117.5 398.46 40175.8 4
122.5 0 0 0
127.5 123.566 15268.5 1
132.5 232.844 27150.8 2
137.5 307.207 32077 3
142.5 131.299 17239.4 1
147.5 259.229 34211.8 2
152.5 283.152 40667.7 2
157.5 150.695 22709 1
162.5 0 0 0
167.5 0 0 0
172.5 0 0 0
177.5 0 0 0
182.5 0 0 0
187.5 0 0 0
192.5 0 0 0
197.5 0 0 0
202.5 0 0 0
207.5 0 0 0
212.5 0 0 0
217.5 0 0 0
222.5 0 0 0
227.5 0 0 0
232.5 0 0 0
237.5 0 0 0
242.5 0 0 0
247.5 0 0 0
252.5 0 0 0
257.5 0 0 0
262.5 0 0 0
267.5 0 0 0
272.5 0 0 0
277.5 0 0 0
282.5 0 0 0
287.5 0 0 0
292.5 0 0 0
297.5 0 0 0
