17.5 971.536 18216.8 53
22.5 58794.1 1.24614e+06 2887
27.5 51593.7 1.2052e+06 2328
32.5 38821.9 1.03212e+06 1556
37.5 26449.5 796970 932
42.5 17799.9 621455 539
47.5 10749.6 425332 286
52.5 8119.21 366615 187
57.5 4490.5 228304 91
62.5 2863.29 158646 53
67.5 2465.96 148812 42
72.5 1127.5 71908.3 18
77.5 1223.41 84132.9 18
82.5 992.903 76751.6 13
87.5 553.209 44048.7 7
92.5 608.255 52984.4 7
97.5 274.749 25795.8 3
102.5 304.225 31006.9 3
107.5 414.831 43535.8 4
112.5 110.369 12181.3 1
117.5 0 0 0
122.5 244.606 29919.3 2
127.5 120.453 14509 1
132.5 0 0 0
137.5 131.299 17239.4 1
142.5 124.542 15510.7 1
147.5 297.801 44349 2
152.5 0 0 0
157.5 158.61 25157 1
162.5 0 0 0
167.5 0 0 0
172.5 0 0 0
177.5 0 0 0
182.5 0 0 0
187.5 0 0 0
192.5 0 0 0
197.5 0 0 0
202.5 0 0 0
207.5 0 0 0
212.5 0 0 0
217.5 0 0 0
222.5 0 0 0
227.5 0 0 0
232.5 0 0 0
237.5 0 0 0
242.5 0 0 0
247.5 0 0 0
252.5 0 0 0
257.5 0 0 0
262.5 0 0 0
267.5 0 0 0
272.5 0 0 0
277.5 0 0 0
282.5 0 0 0
287.5 0 0 0
292.5 0 0 0
297.5 0 0 0
