2.5 0.280399 0.00447641
7.5 0.456112 0.00373797
12.5 0.578829 0.00393596
17.5 0.675481 0.00405213
22.5 0.722559 0.0041508
27.5 0.769475 0.00416791
32.5 0.785577 0.00441531
37.5 0.812345 0.00429031
42.5 0.8321 0.00424305
47.5 0.839367 0.0044883
52.5 0.841898 0.0046061
57.5 0.854729 0.0045769
62.5 0.865864 0.00440609
67.5 0.869269 0.0045525
72.5 0.867014 0.00444072
77.5 0.871876 0.00446186
82.5 0.879853 0.00448731
87.5 0.882566 0.00434136
92.5 0.883729 0.00414297
97.5 0.89071 0.00404746
102.5 0.874032 0.00363591
107.5 0.879097 0.0041768
112.5 0.893621 0.00429313
117.5 0.904376 0.00411656
122.5 0.905943 0.00502001
127.5 0.922282 0.00475679
132.5 0.922459 0.00486871
137.5 0.928119 0.00532539
142.5 0.924744 0.0063316
147.5 0.929851 0.00639058
152.5 0.93574 0.00634316
157.5 0.944802 0.00652157
162.5 0.936371 0.00858464
167.5 0.957937 0.00515724
172.5 0.949642 0.00838971
177.5 0.942635 0.00905426
182.5 0.956304 0.0125266
187.5 0.965394 0.00510515
192.5 0.952042 0.00764909
197.5 0.959087 0.0100125
