0.1 0.0544787 0.0304985 0.307009 0.104223 0.367153 0.299695 0.955476 0.62932 -28.0724 2.18138 0.0196146 0.0105923 -26.3883 2.29261 -26.3883
0.3 0.145439 0.0462929 0.44791 0.109401 0.731282 0.169329 0.816942 0.206392 0.594531 0.309276 0.033394 0.0159793 2.7361 0.42548 -23.6522
0.5 0.209281 0.0410828 0.57053 0.0734874 0.841959 0.129881 0.951205 0.16357 1.56777 0.327371 0.0277767 0.0139352 4.14074 0.397347 -19.5115
0.7 0.219828 0.0345001 0.316622 0.0598148 0.709436 0.110568 0.737775 0.133014 1.01445 0.237629 0.0313791 0.0158193 2.99811 0.301916 -16.5134
0.9 0.118518 0.0292087 0.366853 0.0530158 0.503812 0.0755973 0.641092 0.141192 1.04987 0.244255 0.0615301 0.0148867 2.68014 0.298286 -13.8332
1.1 0.102504 0.0273766 0.347572 0.0485537 0.515514 0.0863818 0.469785 0.103595 1.04931 0.230544 0.0791666 0.0150785 2.48469 0.272857 -11.3485
1.3 0.109964 0.023277 0.250327 0.0444191 0.435089 0.0705693 0.616359 0.109471 0.571247 0.161524 0.0486808 0.0125604 1.98299 0.213469 -9.36555
1.5 0.0952132 0.0204556 0.226023 0.0420936 0.223753 0.0640851 0.297506 0.083393 0.387966 0.141946 0.0232068 0.0122481 1.23046 0.182757 -8.13509
1.7 0.0706123 0.0210769 0.17904 0.0327191 0.257142 0.0527521 0.234728 0.0701031 0.485462 0.16605 0.0401653 0.0108372 1.22698 0.191793 -6.9081
1.9 0.229686 0.037496 0.451746 0.0647813 0.495157 0.102926 0.672282 0.15665 1.41737 0.31803 0.0324185 0.0189218 3.26624 0.376667 -3.64186
