0.1 0.050033 0.0343717 0.183543 0.103518 0.908894 0.3128 -0.546321 0.676809 -26.2797 2.36732 0.0189437 0.0106596 -25.6835 2.48435 -25.6835
0.3 0.0963971 0.0409488 0.481428 0.108303 0.85078 0.18936 0.661974 0.231483 0.606317 0.342955 0.0403224 0.0151309 2.6969 0.469538 -22.9866
0.5 0.18197 0.0392929 0.568227 0.0716608 0.680968 0.117327 1.13451 0.173223 1.24525 0.374999 0.0601303 0.0159283 3.81093 0.437122 -19.1757
0.7 0.21004 0.0322713 0.387785 0.0607085 0.615906 0.0941628 0.573168 0.119573 0.988429 0.258799 0.0295677 0.0149434 2.77533 0.308007 -16.4004
0.9 0.186995 0.0283623 0.331605 0.0502482 0.531947 0.091505 0.588104 0.101348 0.380091 0.168039 0.0366169 0.0141497 2.01874 0.224078 -14.3816
1.1 0.148893 0.0286095 0.288598 0.0462437 0.404645 0.0772197 0.446904 0.0989568 1.40696 0.380139 0.023737 0.0130597 2.696 0.404002 -11.6856
1.3 0.130211 0.0241817 0.189594 0.0450901 0.397178 0.066288 0.533779 0.10915 0.817634 0.2405 0.0458897 0.0119526 2.0684 0.277067 -9.61722
1.5 0.100329 0.0214301 0.153708 0.0340419 0.425802 0.0765878 0.390647 0.0932211 0.687008 0.239131 0.031821 0.0118106 1.75749 0.270846 -7.85973
1.7 0.127902 0.0203566 0.179971 0.0356047 0.300944 0.0745162 0.327937 0.0933176 0.271992 0.141505 0.0385414 0.0100797 1.20875 0.189649 -6.65098
1.9 0.152005 0.0367643 0.381124 0.0701349 0.534759 0.119081 0.443483 0.104448 0.924105 0.256525 0.0509146 0.0203756 2.43548 0.311714 -4.21551
