0.1 0.060929 0.0436085 0.458342 0.14488 0.0896091 0.388154 0.900143 0.834923 -41.3721 1.85002 0.0303224 0.0141421 -39.8631 2.07201 -39.8631
0.3 0.221268 0.0626854 0.596714 0.14198 1.19307 0.225402 1.10526 0.293959 0.935728 0.40346 0.0736737 0.020861 4.05205 0.569285 -35.811
0.5 0.296548 0.0528501 0.872779 0.101655 1.33609 0.180679 1.55117 0.232787 2.09157 0.40268 0.0609881 0.0189679 6.14815 0.51197 -29.6629
0.7 0.330526 0.0466536 0.599333 0.0820711 1.10728 0.145033 1.13453 0.199338 1.39136 0.302562 0.0601482 0.0192626 4.56302 0.40153 -25.0999
0.9 0.204349 0.0377676 0.625538 0.0683337 0.87138 0.106551 0.879522 0.178226 2.03531 0.398306 0.097359 0.018916 4.6161 0.455918 -20.4838
1.1 0.193998 0.0343431 0.530922 0.0669392 0.782103 0.115917 0.904678 0.152886 1.88586 0.375622 0.12526 0.0187712 4.29756 0.428443 -16.1862
1.3 0.166063 0.0328168 0.403683 0.0619907 0.774166 0.103399 1.06405 0.159996 0.885458 0.209859 0.082997 0.0155393 3.29342 0.291977 -12.8928
1.5 0.151575 0.0282184 0.365416 0.0584109 0.414114 0.0937919 0.569189 0.130796 0.60771 0.199386 0.0406663 0.0161686 2.108 0.264325 -10.7848
1.7 0.139113 0.0282878 0.307233 0.0460784 0.361925 0.0722631 0.461847 0.101347 0.722603 0.219907 0.0591273 0.0140682 1.99272 0.25841 -8.79205
1.9 0.321488 0.0493072 0.761864 0.094554 0.899109 0.14393 0.979175 0.218295 2.1478 0.461579 0.0816515 0.0253103 5.10943 0.541106 -3.68262
