0.1 0.0695196 0.0373568 0.401621 0.134306 0.410152 0.343762 0.0414037 0.716902 -34.6465 1.79339 0.0106085 0.0122435 -33.7238 1.96667 -33.7238
0.3 0.201431 0.0523013 0.384251 0.127836 0.865254 0.21065 0.840615 0.280001 0.56285 0.306173 0.0410664 0.0180017 2.8544 0.48538 -30.8694
0.5 0.244639 0.0478717 0.73688 0.0893526 1.25555 0.146926 1.58458 0.220024 1.83876 0.353192 0.0765472 0.0181836 5.66041 0.452789 -25.209
0.7 0.270976 0.0408421 0.572104 0.0757776 1.04888 0.131399 1.18966 0.186309 1.28627 0.248425 0.0505249 0.0175471 4.36789 0.347997 -20.8411
0.9 0.20502 0.0344017 0.537999 0.0647076 0.836735 0.100294 0.820265 0.152068 1.69661 0.352843 0.0890896 0.016748 4.09663 0.403797 -16.7444
1.1 0.173895 0.0310601 0.474123 0.0607562 0.63389 0.0935388 0.634174 0.126937 1.3166 0.301279 0.0803596 0.0166925 3.23268 0.346825 -13.5118
1.3 0.130012 0.0280359 0.304503 0.0544527 0.515303 0.083902 0.78266 0.122944 0.558401 0.148514 0.0801326 0.0136721 2.29088 0.219003 -11.2209
1.5 0.119041 0.0246209 0.296533 0.0475092 0.360588 0.0858139 0.593443 0.118935 0.637719 0.183863 0.0493017 0.0144147 2.00732 0.241202 -9.21355
1.7 0.107655 0.0240391 0.216627 0.0376983 0.263059 0.0655804 0.434917 0.103871 0.43627 0.165302 0.050634 0.0125546 1.45853 0.210745 -7.75503
1.9 0.289768 0.042372 0.674893 0.0822966 0.716152 0.116151 0.758167 0.146978 1.55062 0.33376 0.0959052 0.0226504 3.9896 0.393773 -3.76542
