0.1 0.0338387 0.0365979 -0.106452 0.117775 -0.612612 0.31181 -0.432139 0.664291 -18.4817 2.0975 0.0214502 0.0122851 -19.5991 2.22558 -19.5991
0.3 0.118544 0.0464785 0.527635 0.0984812 0.929159 0.162811 1.01396 0.20753 0.664849 0.218333 0.0471552 0.0175271 3.25414 0.359311 -16.345
0.5 0.0962245 0.044609 0.365004 0.0768193 0.638594 0.114956 0.967031 0.159249 0.487721 0.157394 0.0255224 0.0204034 2.55457 0.266907 -13.7904
0.7 0.229838 0.0393522 0.395584 0.0720966 0.537967 0.0863771 0.630641 0.112587 0.596663 0.178987 0.0493629 0.0221235 2.39069 0.242734 -11.3997
0.9 0.139012 0.0379734 0.33305 0.0611332 0.535297 0.0819605 0.516292 0.0968275 0.342684 0.116032 0.0221448 0.0206351 1.86633 0.186375 -9.53337
1.1 0.116827 0.0362285 0.241332 0.053799 0.488058 0.0845001 0.413665 0.0903044 0.473713 0.144593 -0.0146578 0.0197953 1.73359 0.20102 -7.79977
1.3 0.13138 0.0365765 0.324026 0.0520629 0.304395 0.062706 0.402256 0.088534 0.479807 0.152049 -0.00487393 0.019998 1.64186 0.197326 -6.15791
1.5 0.147855 0.0329223 0.216833 0.0503218 0.275436 0.0532417 0.329718 0.101977 0.344816 0.134447 0.0436616 0.0183882 1.31466 0.186885 -4.84325
1.7 0.0991396 0.0288235 0.195195 0.0465014 0.276835 0.0734916 0.186392 0.0516125 0.253014 0.10535 0.0381524 0.0183588 1.01058 0.148851 -3.83267
1.9 0.266531 0.0566922 0.493484 0.088557 0.897922 0.128525 0.8301 0.157837 1.15468 0.357714 0.10177 0.0306888 3.64271 0.42479 -0.189961
