0.1 0.0853423 0.0290263 0.127757 0.10521 0.684328 0.273957 0.984185 0.621018 -19.9002 2.22269 0.023293 0.0099598 -18.0185 2.32658 -18.0185
0.3 0.120681 0.0415461 0.557549 0.107993 1.20443 0.168538 1.29251 0.215553 1.67051 0.416581 0.0284478 0.0150724 4.84569 0.51166 -13.1729
0.5 0.177423 0.0398616 0.495404 0.0756899 0.841758 0.119758 0.804585 0.163006 0.778082 0.276448 0.0290434 0.0139618 3.09725 0.353064 -10.0756
0.7 0.151996 0.0332889 0.334572 0.0549685 0.493427 0.0890995 0.613562 0.121449 1.05946 0.228833 0.0336781 0.0148192 2.65302 0.281395 -7.42259
0.9 0.097331 0.0274942 0.285653 0.0473206 0.502747 0.0765337 0.624364 0.137458 0.866561 0.225024 0.0588526 0.0149196 2.37666 0.27997 -5.04593
1.1 0.0965369 0.0263537 0.246959 0.0464707 0.336632 0.0747899 0.245918 0.0894265 0.500706 0.190898 0.0505934 0.0136865 1.42675 0.229971 -3.61918
1.3 0.0930756 0.0234662 0.298655 0.0397715 0.28986 0.0664157 0.279758 0.0780239 0.253512 0.103048 0.0273297 0.0118544 1.21486 0.15248 -2.40432
1.5 0.068324 0.0207841 0.145756 0.0357262 0.228153 0.0641251 0.179638 0.0743688 0.140394 0.118274 0.0355061 0.0120725 0.762265 0.159185 -1.64206
1.7 0.0455359 0.0192825 0.146738 0.0330532 0.226695 0.054206 0.121477 0.0646752 0.426476 0.162941 0.0348386 0.01099 0.966923 0.187444 -0.675133
1.9 0.208211 0.0348312 0.424006 0.0644821 0.473424 0.0992661 0.663672 0.14175 1.57425 0.341698 0.0311739 0.0191094 3.34356 0.389968 2.66843
