0.1 0.0156146 0.0398215 0.163421 0.126513 -0.241428 0.343382 -1.26033 0.732486 -34.29 1.87094 0.0154952 0.0119829 -35.6127 2.04266 -35.6127
0.3 0.175396 0.0559755 0.368903 0.140203 0.693755 0.25878 0.317744 0.384164 -0.575461 0.553766 0.0534247 0.0182637 0.980337 0.737561 -34.6323
0.5 0.213154 0.049237 0.618561 0.0927398 0.847207 0.142575 0.821553 0.155123 0.852776 0.23286 0.0585812 0.0182462 3.35325 0.331119 -31.2791
0.7 0.252293 0.0402173 0.61551 0.0725593 1.0634 0.114929 1.10314 0.163633 1.34892 0.259624 0.0788916 0.0171572 4.38326 0.338041 -26.8958
0.9 0.222314 0.0338374 0.674765 0.0643479 0.976779 0.0985813 1.01671 0.160131 1.7061 0.309523 0.0980519 0.0166375 4.59667 0.369392 -22.2992
1.1 0.22995 0.0302799 0.527408 0.0572946 0.779325 0.0915018 0.87313 0.128319 1.6538 0.299942 0.107259 0.0163689 4.06362 0.344969 -18.2355
1.3 0.200209 0.0279975 0.427099 0.0510294 0.772526 0.0834635 0.956193 0.128209 0.828977 0.170546 0.0867656 0.014145 3.185 0.236384 -15.0505
1.5 0.159978 0.0260782 0.3942 0.0501574 0.459965 0.0796889 0.648012 0.116682 0.624174 0.154117 0.0437141 0.0140058 2.28633 0.216594 -12.7642
1.7 0.172953 0.0243657 0.315724 0.0417616 0.537413 0.0758444 0.605709 0.107725 0.841849 0.221104 0.0595999 0.0120017 2.47365 0.261881 -10.2906
1.9 0.380832 0.0425574 0.812443 0.0863926 1.02622 0.129794 0.964837 0.180017 2.74673 0.456206 0.121024 0.0224161 5.93106 0.516383 -4.35951
