0.1 0.038618 0.0247635 0.0328229 0.0841493 0.0571702 0.227715 -0.670746 0.490088 -17.042 1.6447 0.0146604 0.00815368 -17.5841 1.73343 -17.5841
0.3 0.0916986 0.0351285 0.246815 0.0924329 0.321521 0.167764 0.175718 0.228719 0.145192 0.343541 0.0200387 0.0123655 0.980945 0.45635 -16.6032
0.5 0.116472 0.033216 0.317202 0.0605381 0.473918 0.0924165 0.436412 0.0991263 0.435181 0.132981 0.0178661 0.0115841 1.77918 0.202037 -14.824
0.7 0.150187 0.0281758 0.291177 0.0498255 0.450722 0.0763553 0.4896 0.095842 0.642547 0.13293 0.0175485 0.0125994 2.02423 0.189638 -12.7998
0.9 0.0914293 0.0225064 0.29203 0.0405256 0.386573 0.0565586 0.474063 0.0929582 0.626694 0.158521 0.0368969 0.0115058 1.87079 0.197782 -10.929
1.1 0.140206 0.0230172 0.234749 0.0372472 0.426211 0.0589384 0.437779 0.0781845 0.612857 0.150012 0.0466139 0.0111538 1.8518 0.18441 -9.07718
1.3 0.0704072 0.0193396 0.199597 0.0339641 0.291178 0.0539471 0.473709 0.0815156 0.478039 0.109867 0.030218 0.00951624 1.51293 0.152163 -7.56425
1.5 0.100134 0.017663 0.210759 0.0314941 0.233412 0.0480791 0.300999 0.0670905 0.377503 0.110774 0.0236635 0.00987086 1.22281 0.142785 -6.34145
1.7 0.0943234 0.0174798 0.152457 0.026561 0.277507 0.0494555 0.240557 0.0640686 0.373516 0.130199 0.0387229 0.00865913 1.13836 0.156567 -5.20309
1.9 0.211825 0.0284174 0.411172 0.0510952 0.507767 0.0804332 0.506382 0.0941062 1.45316 0.268831 0.0528068 0.0153055 3.0903 0.301685 -2.11279
