0.1 0.0184567 0.0415554 0.219497 0.131099 -0.135246 0.360766 -0.238612 0.762542 -36.5935 1.81258 0.0149032 0.0125565 -36.7294 2.00399 -36.7294
0.3 0.179377 0.0580681 0.425513 0.134145 0.663869 0.236881 0.197941 0.323503 -0.591529 0.383101 0.0593177 0.019041 0.875171 0.573498 -35.8542
0.5 0.268792 0.0498179 0.804666 0.0970754 1.1501 0.159307 1.52571 0.199697 1.85539 0.347326 0.0511407 0.0187117 5.60467 0.444745 -30.2496
0.7 0.2558 0.0420268 0.596384 0.0746421 1.1453 0.130459 1.106 0.177387 1.23961 0.249798 0.0647668 0.017795 4.3431 0.343835 -25.9065
0.9 0.218831 0.0357155 0.605276 0.0641883 0.95879 0.106779 1.0899 0.171899 1.89253 0.349091 0.0998362 0.0179434 4.76533 0.410135 -21.1412
1.1 0.20363 0.0315625 0.534631 0.060083 0.750759 0.0978144 0.848088 0.141225 1.74717 0.323504 0.100288 0.0171804 4.08428 0.372523 -17.0569
1.3 0.181533 0.0295864 0.448165 0.0557255 0.738886 0.0887332 0.973515 0.142156 0.820949 0.194786 0.0851295 0.0146917 3.16305 0.264582 -13.8938
1.5 0.140788 0.0265104 0.406484 0.052715 0.531512 0.0902708 0.678146 0.127308 0.784237 0.184394 0.0415675 0.0145707 2.54117 0.248674 -11.3527
1.7 0.173317 0.0258918 0.327532 0.0428549 0.521225 0.0816076 0.629596 0.113885 0.913898 0.249308 0.0506035 0.0124795 2.56557 0.290329 -8.78709
1.9 0.346695 0.0459937 0.76157 0.0881381 0.96059 0.13457 0.926968 0.183446 2.11977 0.404355 0.118984 0.0233025 5.1156 0.474498 -3.6715
