-1.25 0.216685 0.0110147 -1.25 0.267637 0.0122414 0.217245 0.011029
-0.9 0.274356 0.0195969 -0.9375 0.293393 0.0256339 0.161254 0.019004
-0.7 0.452128 0.0251571 -0.8125 0.288914 0.0254374 0.18813 0.0205267
-0.5 0.726484 0.0318891 -0.6875 0.409854 0.0302973 0.192609 0.0207696
-0.35 1.20381 0.0580527 -0.5625 0.571109 0.0357642 0.203807 0.0213648
-0.25 1.77492 0.0704909 -0.4375 0.790594 0.042079 0.223964 0.0223964
-0.15 3.03471 0.0921729 -0.3125 1.3505 0.0549968 0.194849 0.02089
0 4.19653 0.0766433 -0.1875 2.5084 0.0749527 0.174692 0.01978
0.15 3.1075 0.0932717 0 4.22396 0.0687756 0.193729 0.0147289
0.25 1.8925 0.0727884 0.1875 2.56215 0.0757516 0.19037 0.0206485
0.35 1.13662 0.0564094 0.3125 1.39082 0.0558116 0.159015 0.0188716
0.5 0.303751 0.02062 0.4375 0.741321 0.0407467 0.165733 0.0192661
0.7 0.445129 0.0249616 0.5625 0.533035 0.0345515 0.183651 0.0202808
0.9 0.300952 0.0205247 0.6875 0.459127 0.0320668 0.172452 0.0196528
1.25 0.215566 0.0109862 0.8125 0.378499 0.0291153 0.219485 0.0221713
0 -nan -nan 0.9375 0.315789 0.0265943 0.170213 0.0195247
0 -nan -nan 1.25 0.268197 0.0122542 0.209406 0.0108282
