-1.25 0.517611 0.0199081 -1.25 0.345329 0.0162609 0.30245 0.0152179
-0.9 0.593415 0.0337037 -0.9375 0.584992 0.0423286 0.324655 0.0315333
-0.7 0.861409 0.0406072 -0.8125 0.603369 0.0429883 0.404288 0.0351887
-0.5 1.26723 0.0492522 -0.6875 0.860643 0.0513417 0.324655 0.0315333
-0.35 1.74962 0.0818436 -0.5625 1.06585 0.0571356 0.413476 0.0355864
-0.25 2.04824 0.0885531 -0.4375 1.40582 0.065618 0.413476 0.0355864
-0.15 3.70214 0.119053 -0.3125 1.88974 0.0760781 0.496172 0.0389829
0 4.9732 0.09757 -0.1875 3.20061 0.0990091 0.45023 0.0371343
0.15 3.683 0.118745 0 4.94181 0.0869934 0.50536 0.0278191
0.25 2.50383 0.0979074 0.1875 3.25574 0.0998581 0.496172 0.0389829
0.35 1.69219 0.0804893 0.3125 2.11026 0.0803945 0.45023 0.0371343
0.5 0.560873 0.0327665 0.4375 1.33538 0.0639529 0.425727 0.0361097
0.7 0.882466 0.0411005 0.5625 1.04441 0.056558 0.437979 0.0366256
0.9 0.647014 0.0351929 0.6875 0.716692 0.0468516 0.398162 0.0349211
1.25 0.491577 0.019401 0.8125 0.640123 0.0442782 0.300153 0.03032
0 -nan -nan 0.9375 0.508423 0.0394613 0.287902 0.0296948
0 -nan -nan 1.25 0.333078 0.0159699 0.261103 0.0141395
