-1.25 0.535026 0.0224295 -1.25 0.372355 0.0187116 0.314998 0.0172102
-0.9 0.672308 0.0397544 -0.9375 0.650682 0.0494704 0.334744 0.0354828
-0.7 0.942642 0.0470733 -0.8125 0.699577 0.0512955 0.32346 0.0348796
-0.5 1.41984 0.0577725 -0.6875 0.887635 0.0577801 0.364833 0.0370432
-0.35 1.86648 0.0936759 -0.5625 1.13587 0.0653621 0.45134 0.0412015
-0.25 2.21439 0.102034 -0.4375 1.46685 0.0742771 0.473907 0.042219
-0.15 3.65303 0.131052 -0.3125 1.95205 0.0856853 0.541608 0.045134
0 5.1528 0.110058 -0.1875 3.3023 0.111447 0.530324 0.0446614
0.15 3.89281 0.135284 0 5.07193 0.0976637 0.535966 0.0317479
0.25 2.67983 0.112246 0.1875 3.46027 0.114082 0.511519 0.0438624
0.35 1.80066 0.0920093 0.3125 2.36953 0.0944045 0.522802 0.0443435
0.5 0.625294 0.0383392 0.4375 1.56088 0.0766208 0.511519 0.0438624
0.7 0.9685 0.0477146 0.5625 1.17724 0.0665418 0.443818 0.0408567
0.9 0.735778 0.0415886 0.6875 0.801128 0.0548924 0.421251 0.0398044
1.25 0.535966 0.0224492 0.8125 0.733427 0.0525218 0.364833 0.0370432
0 -nan -nan 0.9375 0.564175 0.0460647 0.315938 0.0344717
0 -nan -nan 1.25 0.402445 0.0194529 0.265162 0.0157902
