0.1 1.70754 1.47145
0.3 1.05565 0.9733
0.5 0.848896 0.748136
0.7 0.817645 0.694968
0.9 0.758341 0.645788
1.1 0.737964 0.619594
1.3 0.696839 0.589781
1.5 0.643706 0.531712
1.7 0.624292 0.506485
1.9 0.614201 0.481388
2.1 0.586949 0.443816
2.3 0.555255 0.425029
2.5 0.548736 0.429712
2.7 0.558907 0.407493
2.9 0.563633 0.408291
3.1 0.591904 0.43199
3.3 0.62019 0.481939
3.5 0.706943 0.486587
3.7 0.78307 0.577424
3.9 0.866111 0.627272
4.1 1.07108 0.787868
4.3 1.19599 0.837786
4.5 1.50984 0.835283
4.7 1.51279 0.86031
4.9 1.38197 0.960811
5.1 2.76285 0.505429
5.3 9.02733 0.906001
5.5 4.85735 0.174046
5.5 4.21673 0.64168
