0.1 1.60406 1.39719
0.3 1.04709 0.964051
0.5 0.898981 0.803741
0.7 0.857325 0.728428
0.9 0.795682 0.730067
1.1 0.778209 0.656934
1.3 0.752363 0.638725
1.5 0.698243 0.585479
1.7 0.680654 0.554741
1.9 0.670262 0.532216
2.1 0.648637 0.505433
2.3 0.607872 0.482503
2.5 0.641632 0.475795
2.7 0.644727 0.48952
2.9 0.609244 0.47253
3.1 0.650021 0.520806
3.3 0.681148 0.503801
3.5 0.760632 0.534793
3.7 0.850604 0.621641
3.9 0.98983 0.685419
4.1 1.29586 0.884817
4.3 1.34504 0.899821
4.5 1.46928 1.04586
4.7 1.63329 1.05183
4.9 1.92062 0.855749
5.1 2.02153 0.757762
5.3 5.98635 0.529253
5.5 7.72251 0.212803
5.7 5.9135 -0.096249
