0.1 1.42502 1.27364
0.3 1.04361 0.983947
0.5 0.935693 0.848474
0.7 0.898325 0.801232
0.9 0.866519 0.78574
1.1 0.846758 0.747408
1.3 0.814417 0.720574
1.5 0.80005 0.665218
1.7 0.768839 0.633605
1.9 0.760974 0.649758
2.1 0.736801 0.627623
2.3 0.737866 0.615676
2.5 0.720118 0.597067
2.7 0.733631 0.57626
2.9 0.752219 0.590941
3.1 0.737577 0.588454
3.3 0.784606 0.656141
3.5 0.860865 0.693861
3.7 1.02644 0.793223
3.9 1.10145 0.830482
4.1 1.30163 0.934695
4.3 1.35895 0.974414
4.5 1.56714 1.18466
4.7 1.7973 1.05568
4.9 1.54925 0.999596
5.1 1.99555 0.795525
5.3 3.74459 0.788491
5.5 5.89066 -0.29446
5.5 5.89066 -0.29446
