2.5 0.152473 0.0875299
7.5 0.269318 0.159103
12.5 0.415248 0.269764
17.5 0.558896 0.382399
22.5 0.658701 0.470195
27.5 0.727808 0.556154
32.5 0.772662 0.624875
37.5 0.805423 0.677646
42.5 0.826623 0.711859
47.5 0.843814 0.739612
52.5 0.857174 0.761077
57.5 0.873315 0.787626
62.5 0.880598 0.799121
67.5 0.889447 0.813877
72.5 0.895974 0.824351
77.5 0.904236 0.837827
82.5 0.911765 0.850285
87.5 0.91751 0.859873
92.5 0.921613 0.866745
97.5 0.928018 0.8775
102.5 0.936326 0.891938
107.5 0.93958 0.897101
112.5 0.943665 0.90379
117.5 0.947979 0.910833
122.5 0.949391 0.912925
127.5 0.953755 0.920249
132.5 0.954943 0.922108
137.5 0.955979 0.923385
142.5 0.957103 0.924763
147.5 0.95999 0.929789
152.5 0.958052 0.925321
157.5 0.963148 0.93424
162.5 0.964102 0.935438
167.5 0.965907 0.93872
172.5 0.969003 0.942986
177.5 0.967908 0.941521
182.5 0.97046 0.944316
187.5 0.969607 0.942494
192.5 0.970528 0.945338
197.5 0.971029 0.943092
