2.5 0.200401 0.121039
7.5 0.351677 0.217534
12.5 0.518259 0.357318
17.5 0.653757 0.480061
22.5 0.731968 0.572105
27.5 0.785459 0.651973
32.5 0.818893 0.704912
37.5 0.845469 0.747012
42.5 0.862684 0.774415
47.5 0.876814 0.797488
52.5 0.889033 0.817018
57.5 0.898057 0.831048
62.5 0.904709 0.841595
67.5 0.910637 0.851158
72.5 0.917961 0.863099
77.5 0.923554 0.872287
82.5 0.928964 0.880846
87.5 0.933278 0.887957
92.5 0.93837 0.896578
97.5 0.942781 0.903818
102.5 0.948967 0.914419
107.5 0.95215 0.919554
112.5 0.954086 0.922509
117.5 0.958368 0.929573
122.5 0.959112 0.930498
127.5 0.961865 0.934978
132.5 0.96531 0.940871
137.5 0.964816 0.9395
142.5 0.966016 0.941289
147.5 0.968197 0.944697
152.5 0.965855 0.940144
157.5 0.970574 0.947868
162.5 0.972239 0.950863
167.5 0.973013 0.952139
172.5 0.975536 0.95623
177.5 0.97425 0.953119
182.5 0.976439 0.955611
187.5 0.975724 0.954607
192.5 0.975968 0.955485
197.5 0.977451 0.957292
