2.5 0.301697 0.194584
7.5 0.515621 0.349535
12.5 0.686806 0.520798
17.5 0.778719 0.649241
22.5 0.827725 0.727705
27.5 0.860661 0.780066
32.5 0.881261 0.812545
37.5 0.899056 0.840448
42.5 0.910722 0.85837
47.5 0.918204 0.869795
52.5 0.926497 0.882606
57.5 0.932675 0.892203
62.5 0.936956 0.898644
67.5 0.940909 0.90477
72.5 0.944267 0.909927
77.5 0.948339 0.916355
82.5 0.952241 0.922421
87.5 0.955313 0.927479
92.5 0.957701 0.931257
97.5 0.960917 0.936355
102.5 0.965389 0.943877
107.5 0.967329 0.946731
112.5 0.968985 0.94925
117.5 0.972142 0.954428
122.5 0.972284 0.954288
127.5 0.973989 0.956921
132.5 0.976151 0.960393
137.5 0.975365 0.958847
142.5 0.976449 0.960225
147.5 0.979001 0.964728
152.5 0.978019 0.962613
157.5 0.980517 0.966503
162.5 0.98179 0.968675
167.5 0.98251 0.969537
172.5 0.983212 0.970441
177.5 0.983335 0.970333
182.5 0.982505 0.968897
187.5 0.982144 0.967234
192.5 0.983306 0.970326
197.5 0.985874 0.973427
