0.1 1.19327 0.0107707
0.3 0.965416 0.0138821
0.5 0.839215 0.0145588
0.7 0.768259 0.0145307
0.9 0.745641 0.0147307
1.1 0.718516 0.0147051
1.3 0.711631 0.0147977
1.5 0.653834 0.0141015
1.7 0.632711 0.0141647
1.9 0.599093 0.0142881
2.1 0.571337 0.0145918
2.3 0.566328 0.0155244
2.5 0.550042 0.0166099
2.7 0.53449 0.0181042
2.9 0.544271 0.0205583
3.1 0.603538 0.0257503
3.3 0.603943 0.0293312
3.5 0.62047 0.0356852
3.7 0.661722 0.0443567
3.9 0.674646 0.0568612
4.1 0.740222 0.0751207
4.3 0.824591 0.108198
4.5 0.636386 0.119351
4.7 0.54056 0.165462
4.9 0.933367 0.325247
5.1 0.88892 0.573796
5.3 0.44446 0.513218
