-0.9 1.11115 0.388462
-0.7 1.19052 0.231638
-0.5 1.24872 0.159968
-0.3 1.20912 0.10497
-0.1 1.02131 0.0518944
0.1 0.82799 0.0116649
0.3 1.07062 0.0161442
0.5 1.1021 0.0169161
0.7 1.02506 0.0165456
0.9 0.939494 0.0161117
1.1 0.866593 0.0157515
1.3 0.792975 0.015008
1.5 0.743043 0.0146794
1.7 0.69259 0.0145074
1.9 0.652215 0.0142741
2.1 0.626536 0.0142739
2.3 0.588585 0.0145155
2.5 0.579017 0.0154631
2.7 0.594547 0.017124
2.9 0.583823 0.0186967
3.1 0.590425 0.0218968
3.3 0.638927 0.0264519
3.5 0.660948 0.0321282
3.7 0.729531 0.0403795
3.9 0.709488 0.0454709
4.1 0.863703 0.0669785
4.3 0.671859 0.0722624
4.5 0.829659 0.115296
4.7 0.972257 0.216105
4.9 0.904794 0.268932
5.1 0.606082 0.326896
5.3 0.88892 0.81147
