-1.25 -0.15798 0.0160405 -1.25 1.31596 0.0462953 0.452769 0.0271553
-0.9 0.278516 0.0336752 -0.9375 1.07492 0.0836823 0.247557 0.040159
-0.7 0.447883 0.0427039 -0.8125 0.964169 0.0792542 -0.0390879 0.0159576
-0.5 1.307 0.0729498 -0.6875 0.899023 0.0765299 0.123779 0.0283967
-0.35 2.78502 0.150596 -0.5625 1.2443 0.0900344 -0.0707471 0.0214684
-0.25 3.90065 0.178225 -0.4375 1.85016 0.109787 0.00351401 0.00478462
-0.15 5.39088 0.209522 -0.3125 2.24756 0.121004 -0.130293 0.0291344
0 7.92752 0.179661 -0.1875 4.18893 0.165195 -0.201954 0.0362721
0.15 5.9772 0.220622 0 6.79285 0.14875 -0.188925 0.0248071
0.25 3.59935 0.171204 0.1875 4.38436 0.169005 -0.190706 0.0352475
0.35 2.45114 0.141281 0.3125 2.77524 0.134461 -0.0261296 0.0130471
0.5 0.557818 0.0476576 0.4375 1.88274 0.110749 -0.228013 0.0385412
0.7 0.670993 0.0522691 0.5625 1.19218 0.0881287 0 0
0.9 0.256515 0.0323178 0.6875 0.964169 0.0792542 0.0781759 0.0225674
1.25 -0.118128 0.0138705 0.8125 0.833876 0.0737049 0.234528 0.0390879
0 -nan -nan 0.9375 0.988899 0.0802642 0.156352 0.0319152
0 -nan -nan 1.25 1.22657 0.0446953 0.589115 0.0309753
