2.5 0.670456 0.0041483
7.5 0.884923 0.00146411
12.5 0.934441 0.000893444
17.5 0.952784 0.000692259
22.5 0.962666 0.000593574
27.5 0.968053 0.000551537
32.5 0.971869 0.00051392
37.5 0.976139 0.000451132
42.5 0.978644 0.000430678
47.5 0.979887 0.000426858
52.5 0.981417 0.000379986
57.5 0.982531 0.000383343
62.5 0.983398 0.000373665
67.5 0.984719 0.000340021
72.5 0.985068 0.000361198
77.5 0.98559 0.00033444
82.5 0.986306 0.000328151
87.5 0.986479 0.00032396
92.5 0.987049 0.000290644
97.5 0.987838 0.000302644
102.5 0.987362 0.000229018
107.5 0.988617 0.000251796
112.5 0.988908 0.00027299
117.5 0.989964 0.000273338
122.5 0.990005 0.000315607
127.5 0.990895 0.000370276
132.5 0.991508 0.00035143
137.5 0.991406 0.000409582
142.5 0.992632 0.000349487
147.5 0.992721 0.000410193
152.5 0.992494 0.000510928
157.5 0.993634 0.000557612
162.5 0.993051 0.000537429
167.5 0.99376 0.000513484
172.5 0.993691 0.00059765
177.5 0.994983 0.000493829
182.5 0.994812 0.00082334
187.5 0.994922 0.000595769
192.5 0.995664 0.000685915
197.5 0.994006 0.000941184
