2.5 0.182941 0.00374463
7.5 0.322028 0.00317633
12.5 0.485886 0.00333046
17.5 0.618586 0.00299469
22.5 0.702664 0.00256809
27.5 0.76108 0.00230208
32.5 0.797739 0.00213091
37.5 0.826782 0.00197881
42.5 0.845067 0.00180405
47.5 0.862473 0.00171339
52.5 0.874703 0.00157868
57.5 0.883388 0.00151428
62.5 0.892044 0.00147036
67.5 0.898566 0.00140026
72.5 0.907339 0.00131919
77.5 0.912465 0.00122555
82.5 0.919175 0.00119142
87.5 0.923811 0.00114969
92.5 0.929651 0.00103339
97.5 0.933877 0.000998531
102.5 0.941546 0.000685666
107.5 0.945595 0.000743618
112.5 0.947283 0.000816959
117.5 0.951663 0.000848233
122.5 0.952724 0.000961635
127.5 0.956125 0.00101622
132.5 0.960894 0.000997749
137.5 0.959112 0.00116279
142.5 0.960653 0.00122168
147.5 0.963393 0.00130371
152.5 0.960054 0.00158546
157.5 0.965142 0.00164178
162.5 0.967525 0.00161721
167.5 0.967969 0.00154351
172.5 0.972607 0.0016432
177.5 0.969253 0.00203347
182.5 0.971069 0.00274547
187.5 0.970826 0.00254271
192.5 0.971168 0.00240877
197.5 0.971952 0.00273164
