17.5 1.16098 0.000659524
22.5 0.998988 0.000609784
27.5 0.933557 0.000627775
32.5 0.92497 0.000629803
37.5 0.942416 0.000558302
42.5 0.963826 0.000431867
47.5 0.981299 0.000320625
52.5 0.987611 0.000279292
57.5 0.985829 0.00028627
62.5 0.982748 0.000310942
67.5 0.979751 0.000342356
72.5 0.977741 0.000382738
77.5 0.976795 0.000430711
82.5 0.975831 0.000477166
87.5 0.974274 0.000540849
92.5 0.974398 0.000607815
97.5 0.972714 0.000677466
102.5 0.974343 0.000758506
107.5 0.974306 0.000845794
112.5 0.972352 0.000935675
117.5 0.974666 0.0010341
122.5 0.975558 0.00112059
127.5 0.975812 0.00124515
132.5 0.973464 0.00139347
137.5 0.974775 0.00156521
142.5 0.978492 0.00165932
147.5 0.975925 0.00186695
152.5 0.973539 0.00200773
157.5 0.974044 0.00206472
162.5 0.976009 0.00250571
167.5 0.972856 0.00275673
172.5 0.972649 0.0026097
177.5 0.977634 0.00294147
182.5 0.977614 0.00285478
187.5 0.980161 0.00300428
192.5 0.981942 0.00341757
197.5 0.972356 0.00454865
202.5 0.981534 0.00353981
207.5 0.978142 0.00459271
212.5 0.976485 0.00482642
217.5 0.965044 0.00886587
222.5 0.982268 0.0053503
227.5 0.98132 0.00628283
232.5 0.970786 0.00616994
237.5 0.985083 0.00764991
242.5 0.975086 0.00878484
247.5 0.973949 0.00738634
252.5 0.976445 0.00902928
257.5 0.980136 0.00601383
262.5 0.959061 0.0199908
267.5 0.975809 0.0120922
272.5 0.982468 0.00957786
277.5 0.972836 0.0174776
282.5 0.976667 0.0110683
287.5 0.98111 0.012897
292.5 0.974885 0.0154403
297.5 0.983774 0.00521223
