2.5 0.616094 0.00429499
7.5 0.858195 0.00166004
12.5 0.919532 0.00104116
17.5 0.942688 0.00080752
22.5 0.954937 0.000676485
27.5 0.962519 0.000604163
32.5 0.967526 0.000552946
37.5 0.97185 0.000508793
42.5 0.974072 0.000492348
47.5 0.976349 0.000481997
52.5 0.978416 0.000446203
57.5 0.980108 0.000410101
62.5 0.980512 0.000422054
67.5 0.98127 0.000397527
72.5 0.982164 0.000391777
77.5 0.983376 0.000360423
82.5 0.983449 0.000356034
87.5 0.984257 0.00036203
92.5 0.98501 0.000323243
97.5 0.985768 0.000310104
102.5 0.985542 0.000247058
107.5 0.986571 0.000274611
112.5 0.987534 0.000288048
117.5 0.988305 0.000287483
122.5 0.989174 0.000317014
127.5 0.989014 0.00037564
132.5 0.989981 0.00036453
137.5 0.990715 0.000404237
142.5 0.991103 0.000411029
147.5 0.991404 0.000422064
152.5 0.990742 0.000517651
157.5 0.992473 0.00053968
162.5 0.99217 0.000523761
167.5 0.993344 0.000510302
172.5 0.993558 0.00063812
177.5 0.993504 0.000597455
182.5 0.993918 0.000633132
187.5 0.992736 0.00084129
192.5 0.993634 0.00062313
197.5 0.993948 0.000813394
