-1.25 -0.261989 0.0254026 -1.25 1.04379 0.0507041 0.359606 0.0297612
-0.9 -0.160099 0.0313979 -0.9375 1.01478 0.0999891 0.0197044 0.0139331
-0.7 0.329842 0.0450672 -0.8125 1.06404 0.102387 0.0985222 0.0311554
-0.5 1.04064 0.0800493 -0.6875 0.945813 0.0965316 -0.0788177 0.0278663
-0.35 2.27833 0.167506 -0.5625 1.133 0.105653 -0.275862 0.052133
-0.25 4.15025 0.226078 -0.4375 1.50739 0.121865 -0.128079 0.0355227
-0.15 4.85222 0.244451 -0.3125 1.84236 0.134727 -0.403941 0.063085
0 7.00739 0.207723 -0.1875 3.72414 0.191549 -0.44335 0.0660907
0.15 5.08149 0.25016 0 5.92915 0.170902 -0.300493 0.0384741
0.25 3.2266 0.19934 0.1875 3.78325 0.193063 -0.413793 0.0638497
0.35 2.29064 0.167958 0.3125 1.96059 0.138983 -0.301415 0.0544941
0.5 0.437192 0.0518852 0.4375 0.945813 0.0965316 -0.246305 0.0492611
0.7 0.283251 0.0417631 0.5625 0.813462 0.0895232 -0.08867 0.0295567
0.9 0.0246305 0.0123153 0.6875 0.600985 0.0769483 -0.0492611 0.0220302
1.25 -0.221675 0.0233666 0.8125 0.650246 0.0800398 -0.128079 0.0355227
0 -nan -nan 0.9375 0.975369 0.0980283 -0.0492611 0.0220302
0 -nan -nan 1.25 1.13893 0.0529645 0.305419 0.0274274
