-0.9 1.22454 0.414137
-0.7 1.04188 0.208583
-0.5 1.22454 0.156529
-0.3 1.11997 0.0984915
-0.1 0.892932 0.0467903
0.1 0.789724 0.0111896
0.3 1.11029 0.0164371
0.5 1.11663 0.016915
0.7 1.01143 0.0162631
0.9 0.892518 0.0154491
1.1 0.811573 0.0148966
1.3 0.714694 0.013883
1.5 0.665091 0.0134856
1.7 0.639321 0.013564
1.9 0.610605 0.0135432
2.1 0.554259 0.0130398
2.3 0.572632 0.0141142
2.5 0.576095 0.0153027
2.7 0.57725 0.0166602
2.9 0.600381 0.0187255
3.1 0.691069 0.0239534
3.3 0.753951 0.0291773
3.5 0.839889 0.0370669
3.7 0.947815 0.0480336
3.9 0.939595 0.0547473
4.1 1.33388 0.0917286
4.3 1.17093 0.105824
4.5 1.18216 0.146786
4.7 1.51726 0.30139
4.9 1.5991 0.392872
5.1 1.1787 0.51501
5.3 1.72876 1.32036
5.5 1.29657 1.29657
