  105.030998  4.87450027  0.749153018  0.0796610117
  115.094002  5.03149796  0.762712002  0.081355989
  125.156998  4.24499893  0.776270986  0.1101695
  135.535004  4.71700287  0.776270986  0.128813505
  145.283005  4.87400055  0.779661  0.12372902
  155.345993  4.55950165  0.772880971  0.105084479
  164.779999  4.40250397  0.810169995  0.0864405036
  175.472  4.71699524  0.772880971  0.0847460032
  189.936996  9.59149933  0.667797029  0.0694914758
  220.126007  19.3395004  0.735593021  0.0779660046
  270.126007  30.1884995  0.803390026  0.0796610117
