0.1 1.2705 1.19204
0.3 0.977842 0.938974
0.5 0.827936 0.743924
0.7 0.792016 0.681662
0.9 0.761061 0.649385
1.1 0.704668 0.604985
1.3 0.690302 0.583276
1.5 0.674561 0.541213
1.7 0.635978 0.531223
1.9 0.633834 0.513901
2.1 0.624193 0.497017
2.3 0.632105 0.490101
2.5 0.653319 0.510595
2.7 0.667798 0.531777
2.9 0.751097 0.581737
3.1 0.810516 0.634265
3.3 0.954375 0.691234
3.5 1.00438 0.801507
3.7 1.10184 0.773285
3.9 1.17216 0.857391
4.1 1.35954 0.885891
4.3 1.31625 0.858646
4.5 1.38718 0.776505
4.7 1.83541 0.908872
4.9 2.2379 0.781382
5.1 2.77632 0.841109
5.3 2.68791 0.39991
5.5 5.35914 -0.0721163
5.7 3.3215 -0.00606419
