0.1 1.21855 1.15184
0.3 0.984475 0.945528
0.5 0.870549 0.794991
0.7 0.836227 0.741733
0.9 0.803189 0.676892
1.1 0.786848 0.676586
1.3 0.749226 0.649193
1.5 0.727275 0.633315
1.7 0.703245 0.59765
1.9 0.698507 0.574419
2.1 0.712846 0.576553
2.3 0.712886 0.575223
2.5 0.710437 0.592101
2.7 0.755782 0.629097
2.9 0.820656 0.676342
3.1 0.933553 0.71617
3.3 1.01848 0.830634
3.5 1.14821 0.894868
3.7 1.23016 0.965065
3.9 1.24697 1.02448
4.1 1.46335 0.969494
4.3 1.5143 1.03413
4.5 2.02011 1.16143
4.7 2.26274 1.11336
4.9 2.01476 0.998705
5.1 2.80471 1.03956
5.3 3.92246 0.427645
5.5 4.86956 -0.0388571
5.5 2.38247 -0.0388571
