-0.9 1.4531 0.749354
-0.7 1.20928 0.8734
-0.5 1.33611 1.10252
-0.3 1.14434 0.971137
-0.1 0.957525 0.866137
0.1 0.932347 0.864997
0.3 1.11938 1.05954
0.5 1.0783 1.02509
0.7 0.984602 0.946709
0.9 0.91338 0.849232
1.1 0.829111 0.753494
1.3 0.7621 0.671641
1.5 0.709413 0.626688
1.7 0.711254 0.595559
1.9 0.663164 0.567177
2.1 0.634038 0.532378
2.3 0.648202 0.524013
2.5 0.680046 0.53349
2.7 0.692512 0.565241
2.9 0.720684 0.59917
3.1 0.81435 0.673183
3.3 0.940935 0.729688
3.5 1.09078 0.864239
3.7 1.25795 0.939185
3.9 1.35678 1.06775
4.1 1.74336 1.3346
4.3 1.76135 1.29511
4.5 1.85019 1.14579
4.7 2.37167 1.54124
4.9 1.71792 1.10283
5.1 2.8896 1.28413
5.3 5.11249 0.99855
5.7 4.88606 0.0599388
5.7 2.4127 -0.0160511
