-0.9 1.43035 0.844193
-0.7 1.16108 0.852889
-0.5 1.34301 1.05539
-0.3 1.12791 0.977298
-0.1 0.97357 0.876034
0.1 0.944185 0.893655
0.3 1.09115 1.04067
0.5 1.05543 1.01375
0.7 0.982523 0.953428
0.9 0.927154 0.872067
1.1 0.86745 0.802646
1.3 0.802084 0.721242
1.5 0.773572 0.673533
1.7 0.753417 0.659883
1.9 0.730847 0.62656
2.1 0.711411 0.595903
2.3 0.721595 0.611581
2.5 0.718165 0.617954
2.7 0.758813 0.63837
2.9 0.809626 0.647368
3.1 0.930512 0.765389
3.3 1.01346 0.828395
3.5 1.22067 0.92163
3.7 1.37977 1.11154
3.9 1.3425 1.18931
4.1 1.94907 1.58081
4.3 1.89676 1.45727
4.5 1.96223 1.35016
4.7 2.87677 1.80798
4.9 2.2263 1.48099
5.1 3.41915 1.12757
5.3 5.43999 0.971901
5.5 2.64966 0.0616701
5.7 4.28235 0.000840556
