-1.25 -0.419812 0.0214964 -1.25 1.86319 0.0452862 0.448008 0.0222065
-0.9 -0.279573 0.0277367 -0.9375 0.708861 0.0558661 0.0758283 0.0182719
-0.7 0.266586 0.0270848 -0.8125 0.740321 0.0570923 -0.0880572 0.0196902
-0.5 1.08126 0.0545473 -0.6875 0.711285 0.0559615 -0.224546 0.0314427
-0.35 2.07485 0.10686 -0.5625 1.14334 0.0709506 -0.132086 0.0241155
-0.25 3.17556 0.1322 -0.4375 0.908765 0.0632548 -0.347826 0.0391335
-0.15 4.91344 0.164443 -0.3125 2.04784 0.0949546 -0.4623 0.0451159
0 6.94094 0.138203 -0.1875 3.23206 0.119291 -0.656026 0.0537438
0.15 5.11282 0.167746 0 5.92399 0.114198 -0.585672 0.0359071
0.25 2.79629 0.124055 0.1875 3.28886 0.120334 -0.567969 0.0500069
0.35 2.57064 0.118944 0.3125 2.25179 0.0995707 -0.760799 0.0578765
0.5 0.374692 0.0321103 0.4375 1.25482 0.0743289 -0.427078 0.0433632
0.7 0.348634 0.0309737 0.5625 1.23213 0.0736538 -0.33653 0.0384928
0.9 -0.184482 0.0225312 0.6875 0.83262 0.0605468 -0.242157 0.0326525
1.25 -0.335153 0.019207 0.8125 0.744084 0.0572372 -0.0743049 0.0180874
0 -nan -nan 0.9375 0.744084 0.0572372 -0.0752229 0.0181988
0 -nan -nan 1.25 1.19709 0.0362995 0.329487 0.0190439
