-1.25 0.889734 0.0474905 -1.25 2.40168 0.078025 0.636248 0.0401596
-0.9 1.88847 0.109396 -0.9375 3.32573 0.183633 0.456274 0.0680173
-0.7 2.96578 0.137093 -0.8125 3.72117 0.194243 0.669202 0.082373
-0.5 4.78454 0.174127 -0.6875 4.09156 0.203681 0.790875 0.0895489
-0.35 7.19899 0.302063 -0.5625 4.77379 0.220008 0.608365 0.0785396
-0.25 8.28897 0.324125 -0.4375 5.42459 0.234525 0.659062 0.0817466
-0.15 10.1108 0.357977 -0.3125 6.28732 0.252487 0.730038 0.0860358
0 12.2779 0.278939 -0.1875 7.80735 0.281357 0.608365 0.0785396
0.15 10.1192 0.358125 0 10.2003 0.227403 0.836502 0.0651216
0.25 7.65526 0.311488 0.1875 8.25349 0.289285 0.547529 0.0745092
0.35 7.65526 0.311488 0.3125 6.36438 0.25403 0.650986 0.0812442
0.5 2.28137 0.120239 0.4375 5.39417 0.233867 0.608365 0.0785396
0.7 3.25196 0.143555 0.5625 4.88704 0.222602 0.304183 0.0555359
0.9 1.90748 0.109945 0.6875 4.12137 0.204422 0.821293 0.0912548
1.25 0.779399 0.0444484 0.8125 3.65019 0.192382 0.537389 0.0738161
0 -nan -nan 0.9375 3.54752 0.189657 0.588086 0.0772195
0 -nan -nan 1.25 2.2634 0.0757455 0.504436 0.0357585
