0.1 0.446717 0.111325 0.819068 0.22779 0.429417 0.519331 1.34738 1.16183 -46.5556 3.10581
0.3 1.37382 0.163794 1.83183 0.3296 0.65759 0.341116 0.398074 0.42866 1.05512 0.591623
0.5 1.55739 0.196392 2.75414 0.319402 0.692314 0.207567 0.443693 0.138347 0.61174 0.484224
0.7 1.74828 0.191329 2.48459 0.348769 0.589533 0.136739 0.40523 0.150307 0.635077 0.262427
0.9 1.75197 0.205493 2.0868 0.261701 0.938867 0.169094 0.298427 0.171579 1.39757 0.606756
1.1 1.15268 0.162847 1.79342 0.207396 0.559866 0.120858 0.178298 0.149773 1.18156 0.488602
1.3 1.00682 0.118999 1.052 0.145509 0.341458 0.105048 0.0234256 0.204414 0.512375 0.350025
1.5 0.665866 0.0955781 0.656592 0.129122 0.180516 0.0982132 0.242392 0.196565 0.357903 0.239265
1.7 0.305887 0.0864337 0.399294 0.0880838 0.0536275 0.0940132 0.127146 0.123581 0.169527 0.125593
1.9 5.67861 0.5977 7.90538 0.895224 2.50152 0.384044 1.61176 0.646176 -5.77285 1.85354
