-1.25 -0.130679 0.0104464 -1.25 1.35606 0.0336513 0.56785 0.021776
-0.9 0.251103 0.0228959 -0.9375 0.998054 0.057739 0.260543 0.0295007
-0.7 1.33598 0.052812 -0.8125 1.19358 0.0631421 0.0334029 0.0105629
-0.5 1.65959 0.0588616 -0.6875 1.05974 0.0594966 -0.0400835 0.0115711
-0.35 2.75835 0.107318 -0.5625 1.38333 0.067976 -0.0601253 0.0141717
-0.25 4.31343 0.134202 -0.4375 1.82714 0.0781228 -0.327349 0.0330672
-0.15 6.00267 0.158314 -0.3125 2.62948 0.0937188 -0.283925 0.030796
0 8.06614 0.129767 -0.1875 4.49603 0.122548 -0.290605 0.0311562
0.15 5.63557 0.153397 0 7.59018 0.112591 -0.399165 0.0258198
0.25 3.91324 0.127825 0.1875 4.57156 0.123573 -0.330689 0.0332355
0.35 2.87855 0.109631 0.3125 2.7689 0.0961714 -0.322432 0.0328179
0.5 0.640919 0.0365792 0.4375 1.72914 0.0759989 -0.153653 0.022655
0.7 0.73904 0.0392795 0.5625 1.34225 0.0669589 -0.11023 0.0191885
0.9 0.253918 0.0230239 0.6875 1.10898 0.060863 -0.0467641 0.0124982
1.25 -0.152596 0.0112885 0.8125 1.05796 0.0594466 0.126931 0.0205909
0 -nan -nan 0.9375 1.19928 0.0632926 0.200418 0.0258738
0 -nan -nan 1.25 1.40971 0.0343105 0.560193 0.0216287
