0.1 1.16697 0.0101284
0.3 0.98103 0.0134044
0.5 0.844317 0.0138787
0.7 0.794962 0.0141019
0.9 0.778404 0.0144481
1.1 0.750612 0.0143437
1.3 0.722762 0.0140891
1.5 0.689239 0.0138392
1.7 0.662488 0.0138647
1.9 0.667684 0.0144963
2.1 0.682175 0.0155557
2.3 0.67574 0.016447
2.5 0.676823 0.018059
2.7 0.729894 0.0212211
2.9 0.780067 0.0249347
3.1 0.837785 0.0295839
3.3 0.954073 0.0384808
3.5 0.999688 0.0465558
3.7 1.17296 0.0648775
3.9 1.18034 0.0763699
4.1 1.29548 0.108218
4.3 1.52748 0.171419
4.5 1.4334 0.21287
4.7 2.06012 0.475841
4.9 1.1836 0.369803
5.1 1.69085 0.771765
5.3 2.25447 1.59415
5.5 1.12723 1.12723
