-0.9 1.18986 0.391366
-0.7 1.02659 0.198705
-0.5 1.17197 0.146238
-0.3 1.03431 0.0895169
-0.1 0.943145 0.0467354
0.1 0.928966 0.0120496
0.3 1.0564 0.0152778
0.5 1.03559 0.0154387
0.7 0.975452 0.0152599
0.9 0.906617 0.014981
1.1 0.842401 0.014648
1.3 0.774813 0.0140713
1.5 0.754309 0.0140429
1.7 0.716025 0.0139842
1.9 0.684399 0.0139416
2.1 0.687994 0.0143841
2.3 0.683518 0.0150919
2.5 0.678523 0.0162325
2.7 0.721107 0.0184677
2.9 0.786273 0.0215824
3.1 0.877569 0.0270133
3.3 0.965754 0.0335012
3.5 1.15351 0.0452127
3.7 1.29175 0.0581213
3.9 1.22842 0.0637065
4.1 1.82708 0.113097
4.3 1.74594 0.137327
4.5 1.4399 0.164259
4.7 2.50246 0.42622
4.9 2.01292 0.475127
5.1 1.94704 0.737671
5.3 3.00596 2.03504
5.5 0.563617 0.690288
5.7 2.25447 2.76115
