-1.25 0.333486 0.0123683 -1.25 0.414679 0.013792 0.358716 0.0128276
-0.9 0.43922 0.0224431 -0.9375 0.469725 0.0293578 0.319266 0.0242035
-0.7 0.691514 0.0281606 -0.8125 0.495413 0.0301499 0.297248 0.023354
-0.5 1.16055 0.0364816 -0.6875 0.634862 0.0341304 0.322936 0.0243422
-0.35 1.81193 0.0644655 -0.5625 0.911927 0.0409055 0.319266 0.0242035
-0.25 2.9289 0.0819613 -0.4375 1.31743 0.0491661 0.311927 0.0239237
-0.15 4.84633 0.10543 -0.3125 2.13578 0.0626008 0.289908 0.0230639
0 7.11927 0.0903565 -0.1875 4.03119 0.086004 0.273394 0.0223973
0.15 5.1422 0.1086 0 7.00183 0.080148 0.293578 0.0164115
0.25 2.97477 0.0826007 0.1875 4.14862 0.0872477 0.262385 0.0219418
0.35 1.7844 0.063974 0.3125 2.33394 0.0654406 0.297248 0.023354
0.5 0.498853 0.0239182 0.4375 1.30826 0.0489946 0.284404 0.0228439
0.7 0.755734 0.0294392 0.5625 0.858716 0.0396941 0.282569 0.02277
0.9 0.53555 0.0247823 0.6875 0.73945 0.0368346 0.304587 0.0236405
1.25 0.363303 0.0129094 0.8125 0.592661 0.0329765 0.366972 0.0259489
0 -nan -nan 0.9375 0.511927 0.0306482 0.321101 0.0242729
0 -nan -nan 1.25 0.412844 0.0137615 0.320642 0.0121278
