0.025 12.4982 0.119966 10.6695 0.126114
0.075 4.24712 0.0736193 4.76591 0.0740384
0.125 1.68428 0.0443563 2.15198 0.0495135
0.175 0.846628 0.0260713 1.2252 0.0330358
0.225 0.469706 0.0150108 0.734668 0.0200119
0.275 0.254061 0.00815801 0.452703 0.0147624
0.325 0.193052 0.00854018 0.497812 0.0199912
0.375 0.156953 0.00701205 0.492114 0.0201748
0.425 0.124176 0.00657787 0.471428 0.0213792
0.475 0.111782 0.00608168 0.406407 0.0185848
0.55 0.085253 0.00377009 0.375273 0.0155359
0.65 0.0756509 0.00386487 0.354946 0.015954
0.75 0.0640149 0.00338513 0.305353 0.0144552
0.9 0.0588374 0.00311237 0.278703 0.0114699
