0.1 1.11238 0.0097233
0.3 1.00021 0.0134105
0.5 0.899903 0.0143965
0.7 0.851227 0.0145902
0.9 0.862692 0.0154668
1.1 0.838505 0.0153906
1.3 0.814534 0.0152315
1.5 0.794833 0.0152717
1.7 0.77516 0.0152567
1.9 0.740816 0.0153315
2.1 0.759545 0.0166484
2.3 0.764394 0.0177839
2.5 0.728442 0.0186303
2.7 0.818832 0.0228463
2.9 0.838396 0.0258793
3.1 0.899513 0.0313361
3.3 0.985415 0.0388637
3.5 1.12693 0.0509952
3.7 1.02331 0.0568335
3.9 1.18685 0.0801839
4.1 1.10043 0.0942759
4.3 1.02161 0.114998
4.5 1.07387 0.175954
4.7 1.7142 0.346561
4.9 1.31751 0.40845
5.1 1.76862 0.794744
5.3 1.36048 0.912635
5.5 1.08838 1.5392
