-0.9 1.08838 0.362794
-0.7 0.932898 0.1835
-0.5 1.16612 0.144448
-0.3 1.04937 0.0896687
-0.1 0.947001 0.0464593
0.1 0.935569 0.0119975
0.3 1.05578 0.0151354
0.5 1.0245 0.0151985
0.7 0.980318 0.0151437
0.9 0.938195 0.0152106
1.1 0.904691 0.0153295
1.3 0.854187 0.014915
1.5 0.81621 0.0147287
1.7 0.820472 0.0152948
1.9 0.783408 0.015189
2.1 0.785091 0.0156102
2.3 0.772321 0.0163557
2.5 0.793135 0.0179744
2.7 0.786332 0.0194269
2.9 0.794968 0.0214899
3.1 0.910233 0.0275261
3.3 0.96718 0.033271
3.5 1.10857 0.0433834
3.7 1.1703 0.0533132
3.9 1.23993 0.0637212
4.1 1.68686 0.106726
4.3 1.40299 0.116849
4.5 1.44576 0.165353
4.7 1.57468 0.298702
4.9 1.28993 0.337083
5.1 1.63257 0.608423
5.3 2.53956 1.75246
5.5 0.54419 0.666494
