0.1 1.10836 0.00968976
0.3 0.967795 0.0129477
0.5 0.932814 0.0148731
0.7 0.883627 0.0151865
0.9 0.857839 0.015316
1.1 0.834149 0.0150383
1.3 0.832172 0.0155264
1.5 0.820984 0.0155961
1.7 0.784918 0.0153549
1.9 0.769133 0.0157326
2.1 0.766304 0.0166947
2.3 0.761621 0.0177409
2.5 0.775291 0.0194561
2.7 0.820861 0.0227877
2.9 0.843845 0.0260734
3.1 0.908555 0.0316102
3.3 0.960764 0.0383121
3.5 1.07163 0.0492357
3.7 1.06366 0.0585117
3.9 1.09127 0.0727517
4.1 1.17872 0.101532
4.3 0.985954 0.108678
4.5 1.0376 0.157363
4.7 1.38822 0.308912
4.9 1.21425 0.405376
5.1 2.35394 1.16178
5.3 1.08643 0.768224
5.7 1.08643 1.53645
