-0.9 1.02608 0.347019
-0.7 0.950629 0.185958
-0.5 1.18128 0.145809
-0.3 1.03581 0.0887638
-0.1 0.941819 0.0462249
0.1 0.936162 0.0119992
0.3 1.0543 0.0151188
0.5 1.02246 0.0151384
0.7 0.982235 0.0151327
0.9 0.941203 0.0152845
1.1 0.915298 0.0153995
1.3 0.858438 0.0149529
1.5 0.832187 0.0148957
1.7 0.827943 0.0153236
1.9 0.797998 0.0153381
2.1 0.805621 0.0159123
2.3 0.793005 0.0166674
2.5 0.797476 0.0179151
2.7 0.784769 0.0193056
2.9 0.830999 0.0221728
3.1 0.904304 0.0273993
3.3 0.96525 0.0331511
3.5 1.10994 0.0434046
3.7 1.19684 0.0543533
3.9 1.20562 0.0623423
4.1 1.46631 0.0934086
4.3 1.42908 0.117586
4.5 1.30528 0.149865
4.7 1.5977 0.289977
4.9 1.24164 0.321304
5.1 1.53911 0.580303
5.3 2.53501 1.74932
5.7 2.17287 2.66121
