-1.25 -0.372404 0.0193511 -1.25 1.20911 0.0348683 0.401207 0.0200855
-0.9 -0.129423 0.0180373 -0.9375 0.880845 0.059522 0.00804424 0.00568814
-0.7 0.238813 0.0245017 -0.8125 0.604174 0.0492956 -0.0683761 0.0165836
-0.5 0.849673 0.0462161 -0.6875 1.64277 0.081286 -0.13273 0.0231053
-0.35 1.98644 0.0999356 -0.5625 0.868456 0.0591019 -0.245349 0.0314138
-0.25 2.99882 0.122789 -0.4375 0.953243 0.0619198 -0.333836 0.0366433
-0.15 4.95945 0.157906 -0.3125 2.0516 0.0908392 -0.410256 0.0406214
0 7.30931 0.135552 -0.1875 3.5636 0.119721 -0.370035 0.0385788
0.15 4.90728 0.157074 0 5.96683 0.109543 -0.408245 0.0286532
0.25 3.26384 0.128099 0.1875 3.7797 0.123298 -0.494721 0.0446075
0.35 1.82109 0.0956859 0.3125 1.89725 0.0873553 -0.498743 0.0447885
0.5 0.405634 0.0319326 0.4375 1.4383 0.0760594 -0.379357 0.0390617
0.7 1.05509 0.0515005 0.5625 0.757612 0.0552015 -0.32177 0.0359749
0.9 -0.136752 0.018541 0.6875 0.855118 0.0586463 -0.233283 0.0306316
1.25 -0.417295 0.0204842 0.8125 0.511042 0.0453373 -0.20915 0.0290039
0 -nan -nan 0.9375 0.651584 0.0511933 0.0844646 0.0184317
0 -nan -nan 1.25 1.09246 0.0331437 0.430915 0.0208158
