0.1 0.636338 0.151726 0.723802 0.323555 0.364556 0.747623 -1.56637 1.59053 -47.7254 4.09554
0.3 1.80018 0.270952 1.83397 0.391502 0.920683 0.423409 -0.113085 0.463745 0.405973 0.689884
0.5 2.70869 0.353468 2.83933 0.354254 1.7221 0.306633 0.614842 0.324714 0.828632 0.453118
0.7 2.59475 0.292315 2.84367 0.317296 1.95945 0.313327 0.313288 0.124026 0.14398 0.101461
0.9 2.51044 0.310001 2.30476 0.35778 1.30033 0.278533 0.543634 0.148743 1.27557 0.672843
1.1 1.7505 0.207656 1.41207 0.226848 1.14725 0.232697 0.160065 0.116394 0.901301 0.552797
1.3 1.11509 0.133024 0.73845 0.163176 0.769026 0.167266 0.359728 0.170543 0.237575 0.139294
1.5 0.687641 0.11803 0.361872 0.128022 0.358018 0.115473 -0.167481 0.134297 -0.153145 0.153145
1.7 0.435561 0.109695 0.240201 0.10813 0.0927376 0.0743744 0.0862579 0.122667 0.0798455 0.177684
1.9 0.446201 0.198332 0.39919 0.169141 0.232233 0.135481 0.3113 0.110481 0.528745 0.397838
