0.025 14.9755 0.246995 13.3741 0.617931
0.075 2.96252 0.117498 3.44189 0.11708
0.125 0.972702 0.0564724 1.3091 0.0617434
0.175 0.555816 0.0366694 0.779195 0.0374301
0.225 0.314827 0.0223769 0.601363 0.0256971
0.275 0.218612 0.014067 0.494378 0.0210984
0.325 0.165095 0.0106959 0.55328 0.0321914
0.375 0.14426 0.0105977 0.547978 0.0287266
0.425 0.1344 0.0116195 0.580855 0.0270455
0.475 0.128789 0.0108311 0.580485 0.0268943
0.55 0.105002 0.00820283 0.562529 0.0218056
0.65 0.0914064 0.00824083 0.604211 0.0253229
0.75 0.0830275 0.00777041 0.565654 0.0214051
0.9 0.074681 0.00733726 0.544037 0.0209473
