-1.25 0.97352 0.0496763 -1.25 2.46388 0.0790289 0.579069 0.0383126
-0.9 1.83777 0.107918 -0.9375 3.32573 0.183633 2.84643 0.169886
-0.7 3.42205 0.147262 -0.8125 3.84284 0.197393 0.628644 0.0798378
-0.5 5.21434 0.18178 -0.6875 4.44474 0.21229 0.608365 0.0785396
-0.35 7.23701 0.302859 -0.5625 5.13054 0.228081 0.669202 0.082373
-0.25 8.73257 0.332685 -0.4375 5.63752 0.239084 0.577947 0.0765509
-0.15 10.7351 0.368863 -0.3125 6.25602 0.251858 0.52725 0.0731164
0 12.4551 0.280944 -0.1875 7.9493 0.283904 0.69962 0.0842243
0.15 10.6946 0.368165 0 10.5798 0.231596 0.501901 0.050443
0.25 8.22393 0.32285 0.1875 8.04137 0.285543 0.547529 0.0745092
0.35 7.06416 0.299221 0.3125 6.35741 0.253891 0.547529 0.0745092
0.5 2.22433 0.118726 0.4375 5.40431 0.234087 0.801014 0.0901211
0.7 2.90875 0.135769 0.5625 4.61343 0.216281 0.415716 0.0649239
0.9 1.90748 0.109945 0.6875 4.57086 0.215281 0.496831 0.0709759
1.25 0.831432 0.0459082 0.8125 4.4427 0.212241 2.8313 0.169434
0 -nan -nan 0.9375 3.47782 0.187785 0.598226 0.0778823
0 -nan -nan 1.25 2.41825 0.0782938 0.550063 0.0373407
