0.02 0 0
0.06 0 0
0.1 0 0
0.14 0 0
0.18 0 0
0.22 0 0
0.26 0 0
0.3 0 0
0.34 0 0
0.38 0 0
0.42 0 0
0.46 0.0399361 0.0399361
0.5 0 0
0.54 0 0
0.58 0 0
0.62 0.0798722 0.0564782
0.66 0 0
0.7 0 0
0.74 0 0
0.78 0.0798722 0.0564782
0.82 0.119808 0.0691714
0.86 0.239617 0.0978231
0.9 0.998403 0.199681
0.94 3.35463 0.36602
0.98 9.74441 0.623822
1.02 8.1869 0.571798
1.06 2.03674 0.285201
1.1 0.119808 0.0691714
1.14 0 0
1.18 0 0
1.22 0 0
1.26 0 0
1.3 0 0
1.34 0 0
1.38 0 0
1.42 0 0
1.46 0 0
1.5 0 0
1.54 0 0
1.58 0 0
1.62 0 0
1.66 0 0
1.7 0 0
1.74 0 0
1.78 0 0
1.82 0 0
1.86 0 0
1.9 0 0
1.94 0 0
1.98 0 0
