0.02 0 0
0.06 0 0
0.1 0 0
0.14 0 0
0.18 0 0
0.22 0 0
0.26 0 0
0.3 0 0
0.34 0 0
0.38 0 0
0.42 0 0
0.46 0.0313283 0.0313283
0.5 0 0
0.54 0 0
0.58 0.0313283 0.0313283
0.62 0.0313283 0.0313283
0.66 0 0
0.7 0 0
0.74 0 0
0.78 0 0
0.82 0.0626566 0.0443049
0.86 0.0626566 0.0443049
0.9 0.657895 0.143564
0.94 3.9787 0.353052
0.98 9.64912 0.54981
1.02 8.23935 0.50806
1.06 1.8797 0.242668
1.1 0.250627 0.0886099
1.14 0.093985 0.0542622
1.18 0 0
1.22 0.0313283 0.0313283
1.26 0 0
1.3 0 0
1.34 0 0
1.38 0 0
1.42 0 0
1.46 0 0
1.5 0 0
1.54 0 0
1.58 0 0
1.62 0 0
1.66 0 0
1.7 0 0
1.74 0 0
1.78 0 0
1.82 0 0
1.86 0 0
1.9 0 0
1.94 0 0
1.98 0 0
