2.5 0.270624 0.00445467
7.5 0.415714 0.00375682
12.5 0.509647 0.00408194
17.5 0.591652 0.00440579
22.5 0.630297 0.00470525
27.5 0.675243 0.00493482
32.5 0.690896 0.00536548
37.5 0.716872 0.00542017
42.5 0.740282 0.00553493
47.5 0.751953 0.00573934
52.5 0.7556 0.00588076
57.5 0.768323 0.00619661
62.5 0.782402 0.00603773
67.5 0.790826 0.00611515
72.5 0.779626 0.00628391
77.5 0.786019 0.00647006
82.5 0.801231 0.00633839
87.5 0.803925 0.00626955
92.5 0.800374 0.00614764
97.5 0.811594 0.00619428
102.5 0.788158 0.00525254
107.5 0.798659 0.00590969
112.5 0.819974 0.00623797
117.5 0.830455 0.00672272
122.5 0.8378 0.00766724
127.5 0.860072 0.00797284
132.5 0.859971 0.00832786
137.5 0.869975 0.00938369
142.5 0.863319 0.0109285
147.5 0.87389 0.0107022
152.5 0.880745 0.0113451
157.5 0.898542 0.0128968
162.5 0.881737 0.0165947
167.5 0.921603 0.010326
172.5 0.906628 0.0171008
177.5 0.891631 0.0183596
182.5 0.923882 0.0211739
187.5 0.938258 0.00980179
192.5 0.909242 0.0152128
197.5 0.923787 0.0210094
