0.1 0.593687 0.122423 0.295669 0.281385 0.0624673 0.708139 -1.04156 1.2474 -43.3121 3.67677
0.3 1.3476 0.22044 1.14569 0.277586 0.681762 0.377313 0.204801 0.430047 1.05001 0.75249
0.5 1.93959 0.295388 1.99204 0.355008 1.75959 0.340484 0.440416 0.228488 0.923308 0.54977
0.7 2.25161 0.307145 2.00248 0.316547 1.04422 0.261125 0.664435 0.285533 0.294635 0.397572
0.9 1.99344 0.27345 1.43004 0.22431 1.65298 0.241035 0.655981 0.220649 1.18724 0.623517
1.1 1.61837 0.199868 1.2522 0.205778 1.21376 0.239699 0.179845 0.227852 1.12537 0.552428
1.3 0.936285 0.142834 0.88901 0.135845 0.72934 0.19897 0.025128 0.179903 0.235136 0.142268
1.5 0.608363 0.105192 0.322463 0.11138 0.270096 0.115409 0.00574228 0.0491528 0.294966 0.294966
1.7 0.406898 0.0944665 0.22634 0.090255 0.243793 0.118481 0.113299 0.155955 -0.0258835 0.0973737
1.9 0.459303 0.148301 0.455168 0.151305 0.265376 0.124278 0.0692806 0.0987018 1.01235 0.531209
