2.5 0.12407 0.00312932
7.5 0.258767 0.00291542
12.5 0.425037 0.00323564
17.5 0.578654 0.00299293
22.5 0.673145 0.00256703
27.5 0.738972 0.00231115
32.5 0.779489 0.00216474
37.5 0.811634 0.00196755
42.5 0.833704 0.00180375
47.5 0.847604 0.00174582
52.5 0.862596 0.00160599
57.5 0.878724 0.00155226
62.5 0.886823 0.00142552
67.5 0.892531 0.0013958
72.5 0.89772 0.00136384
77.5 0.90666 0.00126268
82.5 0.914824 0.00120738
87.5 0.92004 0.0011427
92.5 0.923074 0.00103647
97.5 0.931393 0.000969065
102.5 0.938685 0.000703622
107.5 0.940841 0.00075059
112.5 0.945413 0.000805512
117.5 0.948478 0.000853976
122.5 0.950452 0.000982502
127.5 0.954635 0.00102815
132.5 0.956159 0.00100381
137.5 0.958655 0.0011871
142.5 0.956848 0.00139588
147.5 0.95977 0.00140898
152.5 0.958987 0.0015475
157.5 0.962932 0.00176425
162.5 0.964515 0.00176393
167.5 0.967275 0.00181429
172.5 0.969702 0.00184843
177.5 0.966964 0.00210022
182.5 0.969488 0.00279623
187.5 0.967946 0.00251937
192.5 0.968588 0.00217274
197.5 0.971742 0.00276869
