0.1 -0.245221 0.240643 0.252628 0.295175 0.457299 0.489272 1.74729 0.971286 -39.2353 4.27328 -0.223713 0.150021 -37.0233 4.42592 -37.0233
0.3 0.532673 0.376383 -0.409982 0.578957 -0.210081 0.466133 -0.585638 0.25105 0.169452 0.41146 -0.120632 0.245023 -0.503578 0.962528 -37.5269
0.5 0.260584 0.450618 0.709662 0.655291 0.517431 0.487937 -0.0837241 0.207569 0.646697 0.331265 -0.123721 0.286408 2.05065 1.01162 -35.4763
0.7 -0.331773 0.516729 -0.244799 0.699509 0.962488 0.532964 0.036572 0.175866 -0.0194215 0.145838 0.336557 0.294186 0.403067 1.04526 -35.0732
0.9 0.817201 0.53512 -0.0953931 0.781881 0.693577 0.615316 0.402099 0.300615 0.835118 0.385509 0.068978 0.347754 2.6526 1.23097 -32.4206
1.1 -0.60284 0.621171 0.709699 0.696147 0.219594 0.546976 0.0588244 0.165376 0.533954 0.36525 -0.182179 0.35417 0.919231 1.15344 -31.5014
1.3 0.424081 0.563617 0.396302 0.736275 -0.0164169 0.534786 -0.151046 0.159187 0.085201 0.085201 -0.000780073 0.341573 0.738121 1.08552 -30.7633
1.5 0.471361 0.495049 1.08746 0.783134 -0.317565 0.554306 0.0327066 0.119541 -0.0820132 0.0820132 0.0714161 0.307654 1.19195 1.08933 -29.5713
1.7 -0.639476 0.531968 -0.442694 0.748347 0.581307 0.588338 -0.121231 0.114845 0.124882 0.0825924 0.0305745 0.313528 -0.497212 1.09962 -30.0685
1.9 2.97642 1.10077 0.219935 1.32515 1.68552 1.1413 0.157612 0.349089 0.692642 0.428683 0.312236 0.757085 5.73213 2.13914 -24.3364
