-1.25 57.2728 0.272462 -1.25 58.3539 0.275022 66.3539 0.293268
-0.9 56.9831 0.42971 -0.9375 58.696 0.551654 67.0953 0.589804
-0.7 57.2878 0.430857 -0.8125 57.7161 0.547029 66.245 0.586055
-0.5 58.3765 0.434932 -0.6875 57.0162 0.543702 65.9754 0.584861
-0.35 59.1834 0.619323 -0.5625 57.6124 0.546538 66.3383 0.586468
-0.25 59.2093 0.619458 -0.4375 58.245 0.54953 65.0992 0.580965
-0.15 60.1815 0.624523 -0.3125 57.5087 0.546046 65.5191 0.582836
0 61.7725 0.447404 -0.1875 59.6863 0.556288 66.245 0.586055
0.15 61.5878 0.631778 0 61.0421 0.397797 66.8905 0.416418
0.25 59.1445 0.619119 0.1875 58.7946 0.552116 67.3338 0.590852
0.35 58.7038 0.616808 0.3125 58.1517 0.549089 66.5353 0.587338
0.5 28.7297 0.305118 0.4375 58.4524 0.550507 66.3901 0.586697
0.7 56.3837 0.427443 0.5625 57.2132 0.544641 66.7272 0.588184
0.9 57.3137 0.430954 0.6875 58.2398 0.549505 66.2398 0.586032
1.25 56.6066 0.270873 0.8125 57.9857 0.548306 67.1212 0.589918
0 -nan -nan 0.9375 58.0376 0.548551 66.3331 0.586445
0 -nan -nan 1.25 58.7984 0.276067 67.0862 0.294882
