-1.25 57.5772 0.271606 -1.25 57.0647 0.270394 66.1281 0.291076
-0.9 57.4023 0.428794 -0.9375 57.6707 0.543652 66.5676 0.584084
-0.7 58.2415 0.431917 -0.8125 57.8142 0.544328 66.8648 0.585386
-0.5 58.0077 0.431049 -0.6875 58.993 0.549849 66.0551 0.581831
-0.35 58.8917 0.614223 -0.5625 57.7015 0.543797 66.1832 0.582395
-0.25 58.3857 0.611578 -0.4375 59.157 0.550613 65.0045 0.577185
-0.15 60.3523 0.621793 -0.3125 59.5567 0.55247 66.0141 0.58165
0 61.7168 0.444616 -0.1875 58.7623 0.548773 67.7976 0.589455
0.15 60.8905 0.624559 0 61.2197 0.396072 66.6829 0.413367
0.25 58.0846 0.609999 0.1875 59.5926 0.552637 65.8501 0.580927
0.35 59.0199 0.61489 0.3125 58.2447 0.546351 67.198 0.586842
0.5 29.0519 0.30505 0.4375 58.6957 0.548462 66.8238 0.585207
0.7 57.4215 0.428865 0.5625 57.6963 0.543773 67.2287 0.586977
0.9 58.2415 0.431917 0.6875 58.1063 0.545702 66.665 0.584511
1.25 57.0775 0.270425 0.8125 57.1224 0.541061 66.2498 0.582688
0 -nan -nan 0.9375 57.6143 0.543387 66.8033 0.585117
0 -nan -nan 1.25 57.4132 0.271219 66.6009 0.292115
