-1.25 1.44276 0.0540696 -1.25 2.95391 0.0773669 0.755826 0.0391352
-0.9 2.34043 0.108886 -0.9375 4.23911 0.185363 0.924012 0.0865417
-0.7 4.08999 0.143942 -0.8125 4.81096 0.197471 0.826748 0.0818602
-0.5 7.58523 0.196025 -0.6875 5.34954 0.208231 0.802432 0.0806474
-0.35 7.87253 0.282422 -0.5625 6.0704 0.221817 0.87538 0.0842335
-0.25 9.98987 0.318142 -0.4375 7.16133 0.240926 0.672746 0.0738434
-0.15 11.8782 0.34691 -0.3125 7.66911 0.249321 1.02128 0.0909826
0 14.1488 0.267724 -0.1875 9.47785 0.277167 0.859169 0.0834499
0.15 12.3764 0.354111 0 12.2789 0.223075 0.984802 0.0631751
0.25 9.74671 0.314246 0.1875 11.4936 0.30522 1.0537 0.0924154
0.35 7.9269 0.283396 0.3125 7.94088 0.2537 0.87538 0.0842335
0.5 2.9382 0.122002 0.4375 6.97062 0.237696 0.826748 0.0818602
0.7 4.8438 0.156646 0.5625 6.26567 0.225357 0.721731 0.0764846
0.9 3.0893 0.1251 0.6875 5.07574 0.202832 0.729483 0.0768943
1.25 1.40133 0.0532878 0.8125 4.7147 0.195485 1.03749 0.0917018
0 -nan -nan 0.9375 4.16616 0.183761 0.705167 0.0756019
0 -nan -nan 1.25 3.54488 0.0847534 0.840932 0.0412797
