1 0.963061 0.0356445 0.863607 0.023797 0.738811 0.0157087 0.620628 0.0125875 0.466608 0.0101079 0.417206 0.00878572
3 0.0356201 0.00685508 0.132459 0.00931978 0.231463 0.00879255 0.302272 0.00878461 0.349026 0.00874205 0.242183 0.00669382
5 0.00131926 0.00131926 0.00393443 0.00160622 0.0273881 0.00302451 0.0656114 0.00409273 0.142106 0.00557816 0.212951 0.00627685
7 0 0 0 0 0.00233801 0.000883684 0.0099566 0.00159433 0.0343771 0.00274359 0.0919519 0.00412461
9 0 0 0 0 0 0 0.00153178 0.000625348 0.00656886 0.0011993 0.0275671 0.00225838
11 0 0 0 0 0 0 0 0 0.00131377 0.000536345 0.00684551 0.0011254
13 0 0 0 0 0 0 0 0 0 0 0.0012951 0.000489501
15 0 0 0 0 0 0 0 0 0 0 0 0
17 0 0 0 0 0 0 0 0 0 0 0 0
19 0 0 0 0 0 0 0 0 0 0 0 0
21 0 0 0 0 0 0 0 0 0 0 0 0
23 0 0 0 0 0 0 0 0 0 0 0 0
25 0 0 0 0 0 0 0 0 0 0 0 0
27 0 0 0 0 0 0 0 0 0 0 0 0
29 0 0 0 0 0 0 0 0 0 0 0 0
31 0 0 0 0 0 0 0 0 0 0 0 0
33 0 0 0 0 0 0 0 0 0 0 0 0
35 0 0 0 0 0 0 0 0 0 0 0 0
37 0 0 0 0 0 0 0 0 0 0 0 0
39 0 0 0 0 0 0 0 0 0 0 0 0
41 0 0 0 0 0 0 0 0 0 0 0 0
43 0 0 0 0 0 0 0 0 0 0 0 0
45 0 0 0 0 0 0 0 0 0 0 0 0
47 0 0 0 0 0 0 0 0 0 0 0 0
49 0 0 0 0 0 0 0 0 0 0 0 0
