5 0.0103376 0.00106624 0.0372814 0.00202485 0.0541076 0.00243936 0.0574068 0.00251263 0.056637 0.00249572 0.0353019 0.00197036
15 0.0310129 0.00184679 0.100187 0.00331934 0.0809414 0.00298354 0.0612559 0.0025955 0.0467392 0.00226719 0.0091279 0.00100192
25 0.0624656 0.002621 0.0896294 0.00313958 0.0524579 0.00240188 0.0317827 0.00186957 0.0112174 0.00111069 0.000219949 0.000155528
35 0.0729132 0.00283172 0.0638953 0.00265082 0.0295832 0.00180372 0.0136369 0.00122463 0.00285934 0.000560763 0.000109975 0.000109975
45 0.0744529 0.00286146 0.0472891 0.00228048 0.0162763 0.0013379 0.00428901 0.000686792 0.000329924 0.000190482 0 0
55 0.0807214 0.00297948 0.0355218 0.00197649 0.0106675 0.00108313 0.0013197 0.000380964 0 0 0 0
65 0.0897394 0.00314151 0.0232047 0.00159747 0.00395909 0.000659848 0.000439899 0.000219949 0 0 0 0
75 0.0965578 0.00325867 0.0158364 0.0013197 0.00164962 0.00042593 0 0 0 0 0 0
85 0.117783 0.00359905 0.00714836 0.000886644 0.00120972 0.000364745 0 0 0 0 0 0
95 0.459694 0.00711019 0.0078082 0.000926663 0.000659848 0.000269382 0.000109975 0.000109975 0 0 0 0
