0.1 -0.319282 0.205592 -0.450906 0.36319 0.291483 0.442887 1.17562 0.968915 -27.3926 3.61516 -0.10693 0.137169 -26.6957 3.7919 -26.6957
0.3 -0.160333 0.345686 0.567298 0.494505 0.612051 0.446361 0.544301 0.288251 1.1155 0.445368 0.353827 0.242722 2.67881 0.919083 -24.0168
0.5 0.115433 0.426531 -0.436633 0.593629 -0.160002 0.467872 0.516243 0.206739 1.03477 0.443425 -0.508887 0.303007 1.06982 0.996291 -22.947
0.7 -0.894314 0.500989 0.642231 0.785478 0.552075 0.548006 0.153591 0.173592 0.458634 0.314967 0.209354 0.29803 0.912218 1.13913 -22.0348
0.9 -0.515828 0.55816 0.397543 0.713237 -0.695536 0.595855 0.107224 0.209677 1.20124 0.484571 -0.156998 0.330398 0.494645 1.20585 -21.5402
1.1 0.139187 0.530596 0.64039 0.702447 0.394173 0.604593 0.15328 0.138328 0.0397184 0.139829 -0.524233 0.365083 1.36675 1.0859 -20.1734
1.3 0.357613 0.556013 0.430582 0.76582 0.0646796 0.627576 0.0619922 0.140001 -0.0517362 0.119083 0.381282 0.3367 0.86313 1.15033 -19.3103
1.5 -0.0485815 0.541906 -0.429757 0.728543 0.330489 0.500723 -0.0915489 0.128871 -0.00797053 0.144703 -0.0217129 0.32462 -0.247368 1.05485 -19.5577
1.7 0.255717 0.499228 -1.33249 0.684117 -0.501212 0.455472 -0.0656382 0.125385 0.0733374 0.057258 -0.455019 0.31172 -1.57028 0.971442 -21.1279
1.9 -0.656944 1.04103 -1.04897 1.31575 -1.11529 0.976921 0.249366 0.328484 0.688594 0.339775 -1.23415 0.708746 -1.88325 1.99817 -23.0112
