0.1 -0.0333218 0.19233 -0.216682 0.295194 -0.830802 0.438454 0.642639 0.904517 -28.8235 3.2246 0.0540266 0.126111 -29.2617 3.39596 -29.2617
0.3 0.170668 0.332083 -0.726145 0.47466 -0.539425 0.434234 -0.17911 0.272737 0.435449 0.366664 0.229065 0.197557 -0.838564 0.856135 -30.1002
0.5 0.338779 0.452191 -0.44731 0.495336 0.265173 0.436022 0.154697 0.164026 0.776769 0.308864 0.222446 0.244651 1.08811 0.873069 -29.0121
0.7 0.326975 0.452825 -1.12863 0.577885 -0.0392262 0.507032 0.154629 0.149216 0.372214 0.238708 -0.483233 0.302736 -0.314041 0.93559 -29.3262
0.9 -0.221841 0.501588 -0.280821 0.681285 0.194808 0.516654 0.27008 0.15035 1.09477 0.430655 0.223342 0.312952 1.057 1.09121 -28.2692
1.1 -0.108709 0.491171 -0.265182 0.598499 -0.516836 0.548513 0.366336 0.147585 0.147867 0.121186 -0.321244 0.312014 -0.376524 0.967876 -28.6457
1.3 0.390673 0.460741 -1.5474 0.574924 -0.282053 0.518996 0.182667 0.123534 0.134362 0.100202 0.0917949 0.281831 -1.12176 0.915138 -29.7674
1.5 -0.546512 0.500812 -0.22381 0.588532 -0.0167649 0.511951 -0.064058 0.135088 0.0468244 0.126939 0.24513 0.285757 -0.804321 0.945324 -30.5718
1.7 0.485699 0.445421 -0.193181 0.618026 0.405293 0.472394 -0.135001 0.118239 0.116707 0.0731434 0.460411 0.285731 0.679517 0.907107 -29.8922
1.9 0.25297 0.885886 -0.116149 0.996138 -0.0222825 0.901747 0.305591 0.305864 0.347697 0.296492 0.257053 0.628974 0.767827 1.66484 -29.1244
