-1.25 57.7769 0.339254 -1.25 57.5219 0.338505 67.3327 0.366236
-0.9 57.9333 0.537133 -0.9375 58.3745 0.682008 66.7968 0.729552
-0.7 58.3068 0.538862 -0.8125 57.2271 0.675272 65.1474 0.720488
-0.5 57.993 0.53741 -0.6875 58.2072 0.68103 66.6614 0.728811
-0.35 57.7191 0.758216 -0.5625 57.8088 0.678696 65.7928 0.724048
-0.25 58.8147 0.765378 -0.4375 58.008 0.679864 66.1912 0.726237
-0.15 60.9562 0.779188 -0.3125 57.6813 0.677947 66.2789 0.726718
0 62.2261 0.556678 -0.1875 59.8406 0.69052 66.1434 0.725975
0.15 61.8825 0.785086 0 61.7888 0.496156 65.8725 0.512289
0.25 60.5976 0.776892 0.1875 60.1275 0.692173 65.49 0.72238
0.35 57.998 0.760046 0.3125 59.1076 0.686277 66.4303 0.727547
0.5 28.6653 0.37783 0.4375 58.7092 0.683961 65.4024 0.721897
0.7 57.6195 0.535677 0.5625 57.992 0.67977 66.1912 0.726237
0.9 57.3954 0.534634 0.6875 58.5817 0.683218 66.1833 0.726193
1.25 57.4681 0.338346 0.8125 57.8247 0.678789 66.4701 0.727765
0 -nan -nan 0.9375 57.9681 0.67963 65.8088 0.724136
0 -nan -nan 1.25 57.9801 0.33985 65.6195 0.361547
