-1.25 -0.327305 0.0169928 -1.25 0.922424 0.0285269 0.400529 0.0187978
-0.9 0.0286723 0.00795225 -0.9375 0.772828 0.0522228 0.0882223 0.0176445
-0.7 0.0441112 0.00986356 -0.8125 0.663432 0.0483857 -0.0211734 0.00864399
-0.5 1.20423 0.0515365 -0.6875 0.808116 0.0534018 -0.0741067 0.0161714
-0.35 1.88202 0.0911143 -0.5625 0.896339 0.0562413 -0.187031 0.0256907
-0.25 3.34804 0.121526 -0.4375 1.15748 0.063911 -0.109396 0.019648
-0.15 4.98015 0.148216 -0.3125 2.18438 0.0877978 -0.261138 0.0303567
0 7.11734 0.12529 -0.1875 5.92151 0.144556 -0.395236 0.0373463
0.15 5.28011 0.152614 0 6.13498 0.104043 -0.287605 0.0225269
0.25 3.5333 0.124843 0.1875 3.74416 0.114947 -0.321129 0.0336635
0.35 4.667 0.143481 0.3125 1.76445 0.0789084 -0.232907 0.0286689
0.5 0.569034 0.0354265 0.4375 1.4668 0.0719457 -0.179974 0.0252013
0.7 0.463167 0.0319616 0.5625 1.01985 0.0599912 -0.25408 0.0299436
0.9 -0.0617556 0.0116707 0.6875 0.723423 0.0505261 -0.0705779 0.0157817
1.25 -0.202029 0.0133505 0.8125 0.868108 0.0553485 -0.0247022 0.00933657
0 -nan -nan 0.9375 0.82929 0.0540969 0.112925 0.0199624
0 -nan -nan 1.25 0.926334 0.0285873 0.344949 0.0174448
