5 0.0132417 0.00106018 0.0558526 0.00217736 0.101519 0.00293551 0.101519 0.00293551 0.0799593 0.00260521 0.0528818 0.00211866
15 0.042611 0.00190182 0.139632 0.00344271 0.0957474 0.00285084 0.0636618 0.0023246 0.0336134 0.00168914 0.00696036 0.000768643
25 0.0799593 0.00260521 0.108225 0.00303091 0.0477039 0.00201227 0.020202 0.0013095 0.0096766 0.000906296 0.000254647 0.000147021
35 0.0912486 0.00278306 0.067906 0.00240084 0.024531 0.001443 0.0119684 0.00100792 0.00135812 0.00033953 0 0
45 0.0958323 0.0028521 0.0450726 0.00195598 0.013751 0.00108038 0.00356506 0.000550101 0.000169765 0.000120042 0 0
55 0.0919277 0.00279339 0.0299635 0.0015948 0.00814871 0.000831675 0.00067906 0.000240084 8.48824e-05 8.48824e-05 0 0
65 0.0922672 0.00279855 0.0190985 0.00127324 0.00263136 0.000472605 0.00033953 0.000169765 0 0 0 0
75 0.105509 0.00299263 0.0120533 0.00101149 0.00118835 0.000317601 8.48824e-05 8.48824e-05 0 0 0 0
85 0.123419 0.00323668 0.00475342 0.000635202 0.000933707 0.000281523 0 0 0 0 0 0
95 0.427383 0.00602307 0.00568712 0.000694793 0.00067906 0.000240084 0 0 0 0 0 0
