2.5 0.736134 0.00415333
7.5 0.916634 0.00163881
12.5 0.951581 0.00119952
17.5 0.964554 0.00106356
22.5 0.97211 0.000878511
27.5 0.976821 0.000777842
32.5 0.9801 0.000680341
37.5 0.982235 0.00065184
42.5 0.983402 0.000677189
47.5 0.984594 0.000645297
52.5 0.98579 0.000593112
57.5 0.987329 0.000491646
62.5 0.9866 0.000611028
67.5 0.987473 0.000497136
72.5 0.987505 0.000568574
77.5 0.988662 0.000451293
82.5 0.988276 0.000458742
87.5 0.988355 0.000502603
92.5 0.988868 0.000466783
97.5 0.989302 0.000415781
102.5 0.987789 0.000381029
107.5 0.988899 0.000443075
112.5 0.989921 0.000419423
117.5 0.990728 0.000403974
122.5 0.991755 0.000419131
127.5 0.991353 0.000533857
132.5 0.992129 0.00051817
137.5 0.993071 0.000526161
142.5 0.993574 0.000508644
147.5 0.993656 0.000495431
152.5 0.993099 0.000630144
157.5 0.994582 0.000684171
162.5 0.994353 0.000636362
167.5 0.995425 0.000753897
172.5 0.994819 0.00103561
177.5 0.995445 0.000761763
182.5 0.996039 0.000704944
187.5 0.994706 0.00108067
192.5 0.995686 0.000750205
197.5 0.995387 0.00108006
