0.1 1.13014 0.00994831
0.3 0.995209 0.0136651
0.5 0.875692 0.0141632
0.7 0.85368 0.0149249
0.9 0.836094 0.0153144
1.1 0.816068 0.0152179
1.3 0.80724 0.0153615
1.5 0.746761 0.0146934
1.7 0.764876 0.0155042
1.9 0.69389 0.0147737
2.1 0.687942 0.0157477
2.3 0.688597 0.016943
2.5 0.679317 0.0180399
2.7 0.65638 0.0195942
2.9 0.717749 0.0238409
3.1 0.665198 0.025396
3.3 0.72318 0.032069
3.5 0.715918 0.0375176
3.7 0.710252 0.043657
3.9 0.718276 0.0552628
4.1 0.665316 0.0653354
4.3 0.811213 0.0980448
4.5 0.884014 0.164814
4.7 0.762679 0.200984
4.9 0.740247 0.286441
5.1 1.47088 0.741254
5.3 1.52536 1.16501
5.7 1.14402 1.61789
