-0.9 1.01691 0.349401
-0.7 1.02144 0.198742
-0.5 1.14402 0.144133
-0.3 1.08661 0.0932071
-0.1 0.987725 0.0485579
0.1 0.897629 0.0118035
0.3 1.07328 0.0155317
0.5 1.06184 0.0158115
0.7 1.00173 0.0156039
0.9 0.93604 0.0153922
1.1 0.889578 0.0153168
1.3 0.859853 0.0151936
1.5 0.817406 0.0149245
1.7 0.787799 0.0150434
1.9 0.767479 0.0151925
2.1 0.750958 0.0153761
2.3 0.726911 0.0158934
2.5 0.71532 0.0169342
2.7 0.671279 0.0176741
2.9 0.688179 0.0197424
3.1 0.739827 0.024083
3.3 0.714056 0.0271797
3.5 0.796997 0.0346431
3.7 0.807687 0.0411264
3.9 0.720068 0.0435723
4.1 0.907139 0.0661671
4.3 0.86333 0.0802645
4.5 0.771153 0.104594
4.7 1.16737 0.234661
4.9 0.73544 0.222183
5.1 1.56003 0.619265
5.3 0.762679 0.696227
5.5 0.572009 0.700565
5.7 1.14402 1.61789
