2.5 0.403746 0.00488795
7.5 0.631075 0.00350284
12.5 0.744983 0.00326666
17.5 0.80614 0.00316797
22.5 0.841307 0.00302052
27.5 0.868015 0.00301879
32.5 0.877158 0.00321088
37.5 0.894708 0.0030387
42.5 0.904409 0.00302255
47.5 0.909084 0.00303273
52.5 0.915035 0.00293056
57.5 0.92068 0.00283567
62.5 0.923483 0.00291082
67.5 0.930704 0.00264629
72.5 0.925153 0.00299451
77.5 0.932651 0.00259916
82.5 0.933533 0.00263211
87.5 0.93785 0.00256191
92.5 0.937895 0.00239943
97.5 0.938346 0.00258671
102.5 0.929592 0.002206
107.5 0.937493 0.00230239
112.5 0.943262 0.00231633
117.5 0.949134 0.00222049
122.5 0.950379 0.0026822
127.5 0.954902 0.00258146
132.5 0.957456 0.0028744
137.5 0.95645 0.00310056
142.5 0.960233 0.00313598
147.5 0.963666 0.00304746
152.5 0.965091 0.00349741
157.5 0.970522 0.00344562
162.5 0.968394 0.0035711
167.5 0.973193 0.00384226
172.5 0.968453 0.0059041
177.5 0.971974 0.00512519
182.5 0.971178 0.00591886
187.5 0.97646 0.00525672
192.5 0.974016 0.00445513
197.5 0.974755 0.00581177
