-0.9 1.02546 0.352339
-0.7 0.968232 0.191538
-0.5 1.21773 0.151387
-0.3 1.0544 0.0913491
-0.1 0.932729 0.0466818
0.1 0.917685 0.0120197
0.3 1.07895 0.0156097
0.5 1.03278 0.0154893
0.7 0.96117 0.0151425
0.9 0.895947 0.0149592
1.1 0.838697 0.014714
1.3 0.745744 0.0137785
1.5 0.723548 0.0137894
1.7 0.681291 0.0136231
1.9 0.675091 0.0139942
2.1 0.636726 0.0137087
2.3 0.661564 0.0148877
2.5 0.679827 0.0164058
2.7 0.688991 0.0180354
2.9 0.730828 0.0206299
3.1 0.818245 0.0259609
3.3 0.912685 0.0323237
3.5 0.991477 0.0403085
3.7 1.27809 0.0579025
3.9 1.28946 0.0668466
4.1 1.75131 0.11072
4.3 1.60178 0.130289
4.5 1.57866 0.180087
4.7 2.10369 0.366553
4.9 1.93646 0.462288
5.1 1.15364 0.491913
5.3 2.30728 1.63149
5.5 0.576819 0.706456
5.7 2.30728 2.82583
