5 0.013468 0.00117224 0.0584634 0.00244234 0.097337 0.0031514 0.0935619 0.00308969 0.0781553 0.00282387 0.0500969 0.00226084
15 0.0420365 0.00207099 0.140292 0.00378339 0.0918274 0.00306091 0.0550964 0.00237097 0.0306091 0.00176722 0.00489746 0.000706887
25 0.0764208 0.00279235 0.105908 0.00328722 0.0457096 0.00215958 0.0217325 0.00148908 0.00918274 0.000967945 0.00010203 0.00010203
35 0.0925416 0.00307279 0.0632589 0.00254054 0.0232629 0.00154063 0.0093868 0.000978641 0.0013264 0.000367876 0 0
45 0.0968269 0.00314313 0.0415264 0.00205839 0.0123457 0.00112233 0.00285685 0.000539894 0.000306091 0.000176722 0 0
55 0.0882563 0.0030008 0.0285685 0.0017073 0.0057137 0.000763526 0.00122436 0.000353444 0 0 0 0
65 0.0968269 0.00314313 0.0158147 0.00127027 0.00357106 0.00060362 0.000408122 0.000204061 0 0 0 0
75 0.101214 0.00321355 0.0108152 0.00105047 0.00163249 0.000408122 0 0 0 0 0 0
85 0.120192 0.00350189 0.00489746 0.000706887 0.000510152 0.000228147 0 0 0 0 0 0
95 0.446281 0.00674791 0.00510152 0.000721464 0.000612182 0.000249922 0 0 0 0 0 0
