0.1 1.20079 0.0105777
0.3 0.9677 0.0133427
0.5 0.810174 0.0136193
0.7 0.76736 0.0140969
0.9 0.76289 0.0145802
1.1 0.723363 0.0142473
1.3 0.673727 0.013655
1.5 0.6596 0.0137477
1.7 0.618153 0.0134957
1.9 0.626428 0.0140985
2.1 0.629424 0.0150599
2.3 0.601289 0.0156269
2.5 0.591114 0.0165563
2.7 0.654081 0.0199625
2.9 0.682872 0.0233501
3.1 0.756448 0.0281892
3.3 0.786311 0.0346526
3.5 0.858978 0.0434884
3.7 0.891239 0.0515684
3.9 0.882325 0.0634365
4.1 1.15291 0.105817
4.3 0.817608 0.094115
4.5 1.2649 0.209447
4.7 1.26217 0.289662
4.9 1.14042 0.356313
5.1 1.91591 1.09223
5.3 0.798294 0.72874
5.5 0.598721 0.73328
