0.1 0.633198 0.0692011 0.443723 0.140412 -0.688597 0.306445 -1.90497 0.677885 -28.102 2.67497 0.128851 0.0221665 -29.6186 2.7809 -29.6186
0.3 1.6629 0.136278 1.56245 0.198956 0.352754 0.197864 -0.579716 0.235309 -0.741731 0.627721 0.447372 0.0434342 2.25667 0.739398 -27.362
0.5 1.95733 0.159271 2.15294 0.20437 0.561443 0.126513 0.0926195 0.0597561 -0.000516361 0.0995161 0.655163 0.0577002 4.76382 0.310829 -22.5982
0.7 2.10996 0.149555 2.123 0.18244 0.741558 0.111746 0.165925 0.117721 0.152586 0.133108 0.777346 0.0617457 5.29303 0.315776 -17.3051
0.9 1.81199 0.132114 1.99258 0.152388 0.644091 0.0948156 0.155759 0.096955 0.25071 0.184621 0.763731 0.0561691 4.85513 0.305207 -12.45
1.1 1.37079 0.108923 1.4124 0.115945 0.54189 0.0846232 0.136365 0.0551849 0.428904 0.162099 0.628504 0.0521834 3.89035 0.248576 -8.55965
1.3 0.985625 0.0788695 0.88716 0.0825957 0.433733 0.0708805 0.211933 0.0908788 0.0297813 0.0448923 0.4779 0.0407134 2.54823 0.168347 -6.01141
1.5 0.745679 0.0584008 0.457718 0.0672395 0.105567 0.0507801 0.0619044 0.0564214 0.0445828 0.0445828 0.369437 0.0337929 1.41545 0.125226 -4.59596
1.7 0.310946 0.0491094 0.434176 0.0638454 0.121746 0.0499651 0.0333197 0.0229492 0.145542 0.107142 0.242459 0.0289622 1.04573 0.144881 -3.55023
1.9 0.703597 0.0925234 0.714614 0.113032 0.333928 0.0998557 0.290852 0.11969 0.457702 0.175611 0.306168 0.0456253 2.50069 0.276537 -1.04954
