0.1 0.463661 0.0472491 0.247887 0.0901513 -1.14369 0.196011 -2.78516 0.423724 -22.5941 1.77334 0.1222 0.0173861 -25.8114 1.83659 -25.8114
0.3 1.35061 0.098442 1.43116 0.13544 0.0505162 0.154568 -0.41336 0.239369 -2.4881 0.752607 0.433864 0.0319019 -0.0691752 0.821974 -25.8806
0.5 1.90369 0.114913 1.90588 0.147607 0.598363 0.113801 -0.15697 0.118 -0.617458 0.27378 0.570131 0.0411612 3.6335 0.369896 -22.2471
0.7 2.07173 0.113408 2.11826 0.142924 0.677623 0.0872449 -0.108991 0.0853373 -0.0928091 0.115187 0.753169 0.0454625 4.66581 0.247893 -17.5813
0.9 1.88515 0.100898 1.79373 0.119277 0.443912 0.0671647 -0.0353528 0.0461968 0.0317098 0.058199 0.787446 0.0446227 4.11915 0.18558 -13.4621
1.1 1.31142 0.078106 1.24367 0.0812366 0.215702 0.0525352 0.00633894 0.0305776 0.102202 0.0792471 0.614359 0.036345 2.87933 0.150582 -10.5828
1.3 1.00243 0.0564919 0.875295 0.0571381 0.278715 0.0411228 0.12869 0.040189 0.0943545 0.0526353 0.50699 0.0306252 2.37948 0.11195 -8.20331
1.5 0.649503 0.0444275 0.631973 0.0525452 0.249938 0.0438325 0.113361 0.0348753 0.085455 0.0451021 0.350312 0.0246599 1.73023 0.0995318 -6.47308
1.7 0.466676 0.0352638 0.405644 0.0451782 0.117112 0.0361879 0.0544215 0.0252612 0.209204 0.102671 0.221929 0.0199543 1.25306 0.125593 -5.22003
1.9 0.925574 0.0712711 0.973995 0.082552 0.452806 0.064719 0.31545 0.0655114 0.838361 0.202738 0.42955 0.0340686 3.50619 0.247946 -1.71384
