0.1 0.596355 0.0647735 0.489685 0.122869 -0.762104 0.265322 -1.87515 0.600157 -27.5134 2.31933 0.176498 0.0235544 -29.0646 2.41437 -29.0646
0.3 1.46848 0.124813 1.51857 0.177752 0.169938 0.19054 -0.655357 0.26266 -1.21686 0.683854 0.446698 0.042094 1.28477 0.787481 -27.7798
0.5 1.95477 0.144275 2.14186 0.179913 0.618584 0.125361 -0.0364189 0.111908 -0.340993 0.197119 0.606785 0.0554719 4.3378 0.346812 -23.442
0.7 2.06567 0.141337 2.03231 0.173869 0.441817 0.093747 -0.0616918 0.0674519 0.0081082 0.0328357 0.765015 0.0559432 4.48621 0.254211 -18.9558
0.9 1.77884 0.12174 1.83633 0.138901 0.531881 0.0796199 0.120561 0.0752777 0.38283 0.153373 0.765245 0.0538297 4.65044 0.263901 -14.3054
1.1 1.37171 0.0933671 1.4027 0.109858 0.481167 0.0721707 0.0903522 0.0506176 0.422612 0.179686 0.625182 0.0478383 3.76854 0.246666 -10.5368
1.3 1.00077 0.0727723 0.903178 0.0760774 0.398074 0.0645993 0.199074 0.0790348 0.0280698 0.040123 0.492536 0.036417 2.52917 0.15203 -8.00766
1.5 0.709824 0.0567922 0.552747 0.0603667 0.175644 0.0556061 0.0812649 0.0400595 0.164466 0.0985164 0.355398 0.0330741 1.68395 0.145848 -6.32371
1.7 0.406677 0.0429862 0.493945 0.0592148 0.166045 0.0471678 0.0457799 0.034996 0.0407841 0.0492643 0.226326 0.0234989 1.15323 0.105975 -5.17048
1.9 0.77964 0.0889136 0.750953 0.0974949 0.32042 0.0849899 0.326289 0.102662 0.826961 0.295933 0.385062 0.0418924 3.00426 0.350357 -2.16622
