0.1 0.5174 0.0786844 0.604527 0.17969 -0.282531 0.420118 -1.04501 0.90899 -25.2011 3.43307 0.133863 0.0293793 -25.4067 3.58151 -25.4067
0.3 1.28975 0.151651 1.4741 0.215813 0.311742 0.208816 -0.338974 0.27678 -0.30631 0.222221 0.388636 0.049014 2.4303 0.489047 -22.9764
0.5 1.62158 0.181261 1.76235 0.227041 0.564037 0.14418 0.322486 0.121033 0.845807 0.340502 0.652038 0.0726377 5.11626 0.485573 -17.8601
0.7 1.83895 0.161621 1.91624 0.209266 0.531757 0.137126 0.181528 0.150517 0.341571 0.212619 0.630392 0.069069 4.81004 0.395701 -13.0501
0.9 1.62389 0.144267 1.73217 0.191219 0.573963 0.111483 0.277655 0.150145 0.532212 0.273815 0.645479 0.0661045 4.73989 0.409053 -8.31018
1.1 1.18451 0.121857 1.11263 0.128076 0.456059 0.0996555 0.142855 0.0762517 0.233446 0.200896 0.580658 0.0645936 3.1295 0.295563 -5.18068
1.3 0.942093 0.0949352 0.755053 0.103125 0.419974 0.0896195 0.114652 0.0673437 0.0641994 0.0641994 0.425679 0.0484022 2.29597 0.190619 -2.88471
1.5 0.551427 0.0791999 0.4532 0.0995424 0.041023 0.0609528 0.0153684 0.0532435 -0.0713345 0.0713345 0.341607 0.0421673 0.989684 0.166793 -1.89503
1.7 0.23486 0.0601548 0.23024 0.0704069 0.0763343 0.0544958 0.0801061 0.0445636 0.108341 0.0976789 0.202993 0.0362803 0.729881 0.151897 -1.16515
1.9 0.406262 0.115336 0.482209 0.130628 0.180003 0.11985 0.2114 0.150596 0.681604 0.301878 0.268012 0.0577929 1.96148 0.39817 0.796332
