0.1 0.499509 0.0550674 0.392001 0.108922 -1.06174 0.228814 -2.48915 0.503603 -25.4081 2.04242 0.153128 0.0210732 -28.0675 2.11952 -28.0675
0.3 1.52587 0.113349 1.56755 0.148667 0.181814 0.162737 -0.593868 0.252172 -2.20267 0.791992 0.371658 0.034394 0.478698 0.867338 -27.5888
0.5 1.94311 0.130183 2.05644 0.165356 0.656875 0.128439 -0.232729 0.114511 -0.433615 0.279229 0.627687 0.0476088 3.99008 0.389703 -23.5987
0.7 2.07483 0.126374 1.99432 0.151767 0.59232 0.092059 -0.00067148 0.0850601 -0.00771271 0.132789 0.774534 0.0506112 4.65309 0.268973 -18.9456
0.9 1.84807 0.111004 1.70272 0.128005 0.432358 0.0721062 -0.105898 0.0438327 -0.0485596 0.0291393 0.73564 0.0469426 3.8287 0.191512 -15.1169
1.1 1.45325 0.0830761 1.38217 0.0857111 0.333002 0.0635141 0.167919 0.0532878 0.355633 0.147227 0.625415 0.0426199 3.69197 0.206876 -11.4249
1.3 1.08036 0.0698792 1.01574 0.0705295 0.316367 0.049708 0.219547 0.0616879 0.0188854 0.0448085 0.553917 0.0337943 2.65089 0.134691 -8.77405
1.5 0.717415 0.0497595 0.656013 0.0601887 0.234456 0.0467722 0.132418 0.0493124 0.0579592 0.037002 0.357771 0.025719 1.79826 0.109942 -6.97579
1.7 0.437028 0.0398688 0.495145 0.0545669 0.130724 0.04468 0.0424927 0.026112 0.0735432 0.061342 0.218189 0.0211391 1.17893 0.104919 -5.79686
1.9 0.902888 0.079724 0.861806 0.0843396 0.462559 0.0777314 0.371814 0.08769 0.889589 0.252769 0.431083 0.0389452 3.48866 0.301816 -2.3082
