0.1 0.555185 0.0711462 0.593305 0.145837 -0.399607 0.342254 -1.42891 0.736202 -25.6 2.92857 0.121929 0.0247663 -26.2801 3.04335 -26.2801
0.3 1.58325 0.141379 1.64367 0.203461 0.19317 0.20427 -0.73034 0.228144 -1.38728 0.465388 0.485488 0.0467013 1.30247 0.60971 -24.9776
0.5 1.95662 0.155121 2.07386 0.18994 0.589745 0.127134 0.085281 0.0847731 0.269495 0.1867 0.649609 0.0569393 4.975 0.344015 -20.0026
0.7 2.21069 0.152304 2.30542 0.194121 0.578074 0.112294 0.270948 0.142962 0.290657 0.128978 0.778527 0.0618431 5.65578 0.33251 -14.3468
0.9 1.83554 0.143137 2.09459 0.175724 0.721824 0.110743 0.199809 0.117439 0.297305 0.241438 0.749604 0.0614785 5.14907 0.368395 -9.19773
1.1 1.42551 0.113746 1.3017 0.120314 0.492237 0.0872774 0.119137 0.061696 0.458106 0.185306 0.632066 0.0555672 3.79669 0.27051 -5.40104
1.3 0.908495 0.0828709 0.993274 0.0894645 0.391483 0.0753344 0.19375 0.0988595 0.0541233 0.0478056 0.478202 0.0411236 2.54113 0.180569 -2.85991
1.5 0.665862 0.0658838 0.4031 0.0704528 0.081977 0.0550392 -0.00937804 0.0457581 -0.0525114 0.0525114 0.362849 0.0380407 1.08905 0.131091 -1.77086
1.7 0.267879 0.0497539 0.32587 0.0644623 0.0933591 0.0476386 0.0623774 0.0330256 0.0805479 0.0721256 0.21411 0.0291305 0.830032 0.12326 -0.940832
1.9 0.468422 0.100823 0.543966 0.111556 0.206551 0.108792 0.22445 0.133686 0.390171 0.210875 0.288238 0.0520167 1.83356 0.311104 0.892727
