0.1 0.487114 0.106954 1.14321 0.26185 1.72882 0.662312 -0.559696 1.32799 -45.8876 3.34201
0.3 1.3961 0.218906 1.73426 0.264235 1.24257 0.372946 0.415227 0.386072 0.499826 0.442514
0.5 1.98836 0.242493 1.94022 0.294932 1.68531 0.30189 0.293448 0.134306 1.00549 0.460458
0.7 2.23306 0.253989 1.82085 0.249425 1.07369 0.223498 0.149654 0.177342 0.286209 0.336734
0.9 2.12922 0.222955 1.4299 0.228492 1.495 0.22876 0.519898 0.231725 0.96624 0.53749
1.1 1.46107 0.180037 1.21909 0.140174 0.780487 0.163499 0.217577 0.219777 1.37476 0.616459
1.3 0.903133 0.121141 0.625523 0.114138 0.717568 0.153811 0.277476 0.144069 0.188397 0.110205
1.5 0.643769 0.0938067 0.387662 0.101547 0.270827 0.11255 -0.018093 0.107297 0.0536813 0.134283
1.7 0.328823 0.0856445 0.324327 0.0849395 0.271604 0.113142 0.0101747 0.0515731 -0.00966418 0.00642493
1.9 0.601814 0.15615 0.552177 0.156087 0.453897 0.153929 0.433041 0.167334 0.81057 0.419053
