-1.25 -0.267717 0.0173535 -1.25 0.862767 0.0311527 0.354331 0.0199643
-0.9 -0.0815523 0.0151439 -0.9375 0.7964 0.0598611 0.0629921 0.0168354
-0.7 0.0674916 0.0137767 -0.8125 0.728909 0.0572685 -0.107987 0.0220427
-0.5 0.68054 0.0437468 -0.6875 0.350956 0.039738 -0.0404949 0.0134983
-0.35 1.53543 0.0929286 -0.5625 0.575928 0.0509053 -0.107987 0.0220427
-0.25 2.1991 0.111213 -0.4375 0.922385 0.0644221 -0.260967 0.0342667
-0.15 3.71766 0.1446 -0.3125 1.37233 0.0785793 -0.152981 0.026236
0 4.60067 0.113744 -0.1875 2.23622 0.100308 -0.310461 0.0373751
0.15 3.39145 0.138111 0 3.75253 0.0918811 -0.411699 0.0304336
0.25 2.07537 0.108039 0.1875 2.58268 0.107799 -0.310461 0.0373751
0.35 1.49606 0.0917295 0.3125 1.38133 0.0788365 -0.233971 0.0324459
0.5 0.413386 0.0340955 0.4375 0.890889 0.0633127 -0.224972 0.0318158
0.7 0.264342 0.0272648 0.5625 0.602925 0.0520848 -0.256468 0.03397
0.9 -0.0168729 0.00688833 0.6875 0.544432 0.0494938 -0.193476 0.0295048
1.25 -0.349831 0.0198371 0.8125 0.535433 0.0490831 -0.184477 0.0288105
0 -nan -nan 0.9375 0.769404 0.0588378 0.0854893 0.0196126
0 -nan -nan 1.25 0.889764 0.0316364 0.300337 0.0183804
