-1.25 -0.2103 0.0212436 -1.25 0.774678 0.0407725 0.293991 0.0251174
-0.9 -0.0858369 0.0214592 -0.9375 0.729614 0.0791377 0.0944206 0.0284689
-0.7 -0.0536481 0.016965 -0.8125 0.566524 0.0697342 0.00858369 0.00858369
-0.5 0.456009 0.0494611 -0.6875 0.377682 0.0569378 -0.0343348 0.0171674
-0.35 1.37339 0.121392 -0.5625 0.429185 0.0606959 -0.0772532 0.0257511
-0.25 2.06009 0.148674 -0.4375 0.815451 0.0836635 -0.214592 0.0429185
-0.15 3.15451 0.183975 -0.3125 1.06438 0.0955839 -0.0515021 0.0210257
0 4.28648 0.151645 -0.1875 2.06867 0.133255 -0.137339 0.0343348
0.15 3.20815 0.185532 0 3.32189 0.119403 -0.244635 0.0324027
0.25 1.97425 0.145544 0.1875 2.41202 0.143889 -0.16309 0.0374154
0.35 1.40558 0.122806 0.3125 1.3133 0.106174 -0.309013 0.0515021
0.5 0.343348 0.0429185 0.4375 0.643777 0.0743369 -0.0600858 0.0227103
0.7 0.112661 0.0245846 0.5625 0.403433 0.0588468 -0.197425 0.0411659
0.9 -0.182403 0.0312819 0.6875 0.472103 0.0636584 -0.0686695 0.0242783
1.25 -0.321888 0.0262821 0.8125 0.266094 0.047792 -0.103004 0.0297348
0 -nan -nan 0.9375 0.583691 0.0707829 0.128755 0.0332445
0 -nan -nan 1.25 0.772532 0.040716 0.270386 0.0240879
