-1.25 0.796137 0.0413334 -1.25 1.92704 0.0643061 0.519313 0.0333827
-0.9 1.49678 0.0896099 -0.9375 2.40343 0.143633 0.48927 0.0648054
-0.7 2.30687 0.111247 -0.8125 2.61803 0.149908 0.532189 0.0675881
-0.5 3.44421 0.135932 -0.6875 2.97854 0.159896 0.592275 0.0713015
-0.35 5.13948 0.234829 -0.5625 3.64807 0.176957 0.446352 0.0618979
-0.25 6.35193 0.261063 -0.4375 4.21459 0.190202 0.497854 0.0653714
-0.15 7.95064 0.292074 -0.3125 4.90987 0.205292 0.523605 0.0670408
0 8.53541 0.213988 -0.1875 5.79399 0.223011 0.592275 0.0713015
0.15 7.3927 0.28164 0 7.27039 0.176645 0.390558 0.0409416
0.25 6.01931 0.254136 0.1875 6.103 0.228881 0.660944 0.0753216
0.35 5.27897 0.237994 0.3125 4.74678 0.201854 0.738197 0.0796019
0.5 1.78112 0.0977514 0.4375 4.41202 0.194606 0.412017 0.0594696
0.7 2.2103 0.108894 0.5625 3.50215 0.173382 0.549356 0.0686695
0.9 1.72747 0.096268 0.6875 3.08155 0.162638 0.429185 0.0606959
1.25 0.652361 0.0374154 0.8125 2.87554 0.157107 0.712446 0.0782011
0 -nan -nan 0.9375 2.50644 0.146678 0.32618 0.0529134
0 -nan -nan 1.25 1.92704 0.0643061 0.364807 0.0279794
