17.5 6069.3 10797.8 3613
22.5 3724.03 5668.18 2608
27.5 1928.68 2621.93 1505
32.5 978.266 1249.75 811
37.5 544.515 681.449 459
42.5 282.357 336.42 247
47.5 157.968 185.666 140
52.5 115.626 134.228 102
57.5 62.1865 69.7812 57
62.5 51.4466 59.1287 46
67.5 23.947 26.3633 22
72.5 9.91352 11.0258 9
77.5 11.505 12.216 11
82.5 4.2484 4.53247 4
87.5 7.07434 8.4072 6
92.5 5.24077 5.55917 5
97.5 2.88425 2.78474 3
102.5 1.20399 1.4496 1
107.5 2.28833 2.61841 2
112.5 0 0 0
117.5 0 0 0
122.5 0 0 0
127.5 0 0 0
132.5 1.06341 1.13085 1
137.5 0 0 0
142.5 0 0 0
147.5 0 0 0
152.5 0 0 0
157.5 0 0 0
162.5 0 0 0
167.5 0 0 0
172.5 0 0 0
177.5 0 0 0
182.5 0 0 0
187.5 0 0 0
192.5 0 0 0
197.5 0 0 0
202.5 0 0 0
207.5 0 0 0
212.5 0 0 0
217.5 0 0 0
222.5 0 0 0
227.5 0 0 0
232.5 0 0 0
237.5 0 0 0
242.5 0 0 0
247.5 0 0 0
252.5 0 0 0
257.5 0 0 0
262.5 0 0 0
267.5 0 0 0
272.5 0 0 0
277.5 0 0 0
282.5 0 0 0
287.5 0 0 0
292.5 0 0 0
297.5 0 0 0
