17.5 2388.78 3322.06 1762
22.5 1974.6 2309.95 1734
27.5 1138.72 1227.13 1088
32.5 587.327 612.508 579
37.5 306.284 312.448 307
42.5 193.962 196.299 195
47.5 110.163 113.731 108
52.5 70.2684 72.4439 69
57.5 39.2564 38.4154 41
62.5 24.669 24.4485 25
67.5 11.9254 11.9562 12
72.5 13.6596 13.3694 14
77.5 0.976882 0.954299 1
82.5 6.17327 6.36622 6
87.5 4.84296 4.70201 5
92.5 4.14322 4.30496 4
97.5 3.11318 3.2362 3
102.5 1.01846 1.03727 1
107.5 1.01609 1.03244 1
112.5 0 0 0
117.5 0 0 0
122.5 0 0 0
127.5 0 0 0
132.5 1.02967 1.06022 1
137.5 0 0 0
142.5 0 0 0
147.5 0 0 0
152.5 0 0 0
157.5 0 0 0
162.5 0 0 0
167.5 0 0 0
172.5 0 0 0
177.5 0 0 0
182.5 0 0 0
187.5 0 0 0
192.5 0 0 0
197.5 0 0 0
202.5 0 0 0
207.5 0 0 0
212.5 0 0 0
217.5 0 0 0
222.5 0 0 0
227.5 0 0 0
232.5 0 0 0
237.5 0 0 0
242.5 0 0 0
247.5 0 0 0
252.5 0 0 0
257.5 0 0 0
262.5 0 0 0
267.5 0 0 0
272.5 0 0 0
277.5 0 0 0
282.5 0 0 0
287.5 0 0 0
292.5 0 0 0
297.5 0 0 0
