17.5 4534.9 7023.83 3041
22.5 3106.86 4058.86 2484
27.5 1699.4 2002.21 1510
32.5 863.342 955.657 812
37.5 493.588 549.462 462
42.5 258.798 276.005 249
47.5 144.08 154.079 138
52.5 109.191 117.97 103
57.5 59.6186 62.4243 58
62.5 48.2532 50.1637 47
67.5 22.5891 23.386 22
72.5 10.4185 10.9557 10
77.5 10.9126 10.9017 11
82.5 4.06426 4.1514 4
87.5 6.68235 7.53323 6
92.5 5.02181 5.08392 5
97.5 2.86937 2.75116 3
102.5 1.15577 1.33582 1
107.5 2.13829 2.29404 2
112.5 0 0 0
117.5 0 0 0
122.5 0 0 0
127.5 0 0 0
132.5 1.02764 1.05603 1
137.5 0 0 0
142.5 0 0 0
147.5 0 0 0
152.5 0 0 0
157.5 0 0 0
162.5 0 0 0
167.5 0 0 0
172.5 0 0 0
177.5 0 0 0
182.5 0 0 0
187.5 0 0 0
192.5 0 0 0
197.5 0 0 0
202.5 0 0 0
207.5 0 0 0
212.5 0 0 0
217.5 0 0 0
222.5 0 0 0
227.5 0 0 0
232.5 0 0 0
237.5 0 0 0
242.5 0 0 0
247.5 0 0 0
252.5 0 0 0
257.5 0 0 0
262.5 0 0 0
267.5 0 0 0
272.5 0 0 0
277.5 0 0 0
282.5 0 0 0
287.5 0 0 0
292.5 0 0 0
297.5 0 0 0
