17.5 917.942 16619.1 52
22.5 58793.2 1.2537e+06 2873
27.5 53008.6 1.23962e+06 2385
32.5 37703.5 998309 1513
37.5 26575 810607 924
42.5 16471.1 572455 506
47.5 10725.1 427041 286
52.5 7035.93 323810 159
57.5 4598.19 232073 95
62.5 3133.73 165613 61
67.5 2490.87 151248 42
72.5 1829.83 113676 30
77.5 1148.54 83100 16
82.5 647.4 53001.9 8
87.5 376.428 30355.3 5
92.5 360.017 32556.5 4
97.5 90.4586 8182.76 1
102.5 188.436 17790 2
107.5 286.792 27649.1 3
112.5 87.8584 7719.11 1
117.5 101.621 10326.9 1
122.5 108.978 11876.3 1
127.5 0 0 0
132.5 0 0 0
137.5 134.93 18206.2 1
142.5 0 0 0
147.5 0 0 0
152.5 0 0 0
157.5 0 0 0
162.5 0 0 0
167.5 0 0 0
172.5 0 0 0
177.5 0 0 0
182.5 0 0 0
187.5 0 0 0
192.5 0 0 0
197.5 0 0 0
202.5 0 0 0
207.5 0 0 0
212.5 0 0 0
217.5 0 0 0
222.5 0 0 0
227.5 0 0 0
232.5 0 0 0
237.5 0 0 0
242.5 0 0 0
247.5 0 0 0
252.5 0 0 0
257.5 0 0 0
262.5 0 0 0
267.5 0 0 0
272.5 0 0 0
277.5 0 0 0
282.5 0 0 0
287.5 0 0 0
292.5 0 0 0
297.5 0 0 0
