17.5 420.107 7805.43 23
22.5 40630.2 852451 2021
27.5 44903.8 999861 2122
32.5 41056.5 986837 1814
37.5 34570.7 928075 1390
42.5 24577.1 741350 884
47.5 17332.1 578199 565
52.5 11217.5 417069 330
57.5 7105.69 307897 177
62.5 5707.63 265694 134
67.5 3286.49 170785 67
72.5 2130.86 119690 40
77.5 2008.93 123041 34
82.5 776.325 47868.5 13
87.5 1031.36 80164.8 14
92.5 571.855 42176.9 8
97.5 578.811 49334.5 7
102.5 0 0 0
107.5 263.086 23080.6 3
112.5 87.8584 7719.11 1
117.5 93.9785 8831.96 1
122.5 208.719 21796.8 2
127.5 108.978 11876.3 1
132.5 0 0 0
137.5 0 0 0
142.5 134.93 18206.2 1
147.5 0 0 0
152.5 0 0 0
157.5 0 0 0
162.5 0 0 0
167.5 0 0 0
172.5 0 0 0
177.5 0 0 0
182.5 0 0 0
187.5 0 0 0
192.5 0 0 0
197.5 0 0 0
202.5 0 0 0
207.5 0 0 0
212.5 0 0 0
217.5 0 0 0
222.5 0 0 0
227.5 0 0 0
232.5 0 0 0
237.5 0 0 0
242.5 0 0 0
247.5 0 0 0
252.5 0 0 0
257.5 0 0 0
262.5 0 0 0
267.5 0 0 0
272.5 0 0 0
277.5 0 0 0
282.5 0 0 0
287.5 0 0 0
292.5 0 0 0
297.5 0 0 0
