17.5 734.493 14467.5 38
22.5 51911.7 1.11013e+06 2517
27.5 37008.2 921246 1550
32.5 23381.7 676214 844
37.5 13631 458665 421
42.5 8496.6 337865 220
47.5 6338.88 279692 147
52.5 4163.97 206925 85
57.5 2566.21 141739 47
62.5 2124.44 124929 37
67.5 854.615 56545.9 13
72.5 829.387 57833 12
77.5 535.091 41215 7
82.5 173.058 14976.8 2
87.5 513.316 43983.4 6
92.5 174.661 15270.6 2
97.5 190.388 18133.5 2
102.5 290.73 28244.6 3
107.5 97.7639 9557.78 1
112.5 108.978 11876.3 1
117.5 0 0 0
122.5 0 0 0
127.5 0 0 0
132.5 0 0 0
137.5 132.943 17673.9 1
142.5 0 0 0
147.5 0 0 0
152.5 0 0 0
157.5 0 0 0
162.5 0 0 0
167.5 0 0 0
172.5 0 0 0
177.5 0 0 0
182.5 0 0 0
187.5 0 0 0
192.5 0 0 0
197.5 0 0 0
202.5 0 0 0
207.5 0 0 0
212.5 0 0 0
217.5 0 0 0
222.5 0 0 0
227.5 0 0 0
232.5 0 0 0
237.5 0 0 0
242.5 0 0 0
247.5 0 0 0
252.5 0 0 0
257.5 0 0 0
262.5 0 0 0
267.5 0 0 0
272.5 0 0 0
277.5 0 0 0
282.5 0 0 0
287.5 0 0 0
292.5 0 0 0
297.5 0 0 0
