0.1 0.429225 0.0547548 0.528339 0.116986 -0.107507 0.267265 -2.30974 0.573156 -28.0307 2.3056 0.124378 0.0205606 -29.4903 2.39424 -29.4903
0.3 1.03176 0.107582 1.31995 0.158476 0.0259573 0.204002 0.0736835 0.31068 -0.229333 0.605812 0.417771 0.0379095 2.22202 0.736095 -27.2683
0.5 1.4554 0.13247 1.95097 0.165233 0.629775 0.137975 -0.147101 0.13721 -0.198348 0.150739 0.491728 0.0448413 3.69069 0.324709 -23.5776
0.7 1.57662 0.116786 1.76756 0.139705 0.375492 0.0822036 0.0209735 0.0674691 0.0151237 0.119326 0.610432 0.0526539 3.75577 0.242291 -19.8219
0.9 1.72391 0.111685 1.5316 0.119251 0.494797 0.0728667 0.240693 0.0709332 0.322251 0.115603 0.574449 0.0457174 4.31326 0.224498 -15.5086
1.1 1.15313 0.0909515 1.19722 0.0965668 0.463374 0.0751556 0.166835 0.0646063 0.632453 0.218055 0.525859 0.0434207 3.61301 0.273802 -11.8956
1.3 0.849004 0.0656925 0.746082 0.0764649 0.352161 0.0566228 0.208365 0.0795272 0.139303 0.099056 0.408149 0.0359543 2.29492 0.171771 -9.60069
1.5 0.567644 0.0510631 0.435364 0.0582763 0.18818 0.0463377 0.169547 0.0794583 0.0978588 0.0438214 0.298712 0.0251434 1.45859 0.128003 -8.1421
1.7 0.369397 0.0367556 0.328537 0.0472388 0.131419 0.0409928 0.0919565 0.0413815 0.126695 0.0651679 0.185579 0.0219821 1.048 0.105935 -7.09409
1.9 0.732319 0.0864271 0.809899 0.0952962 0.395773 0.0662895 0.391229 0.0898028 0.861084 0.296792 0.268784 0.0383054 3.1903 0.342192 -3.90379
