0.1 0.348567 0.0378647 0.251558 0.0785745 -0.642344 0.167734 -2.15284 0.36715 -19.5245 1.5259 0.141112 0.0135302 -21.7196 1.58079 -21.7196
0.3 0.989303 0.0701085 0.93449 0.106302 0.161116 0.136886 -0.454848 0.230777 -1.55334 0.673501 0.296805 0.0261159 0.0767173 0.736081 -21.6428
0.5 1.36607 0.0887972 1.71961 0.114484 0.408065 0.106503 -0.303703 0.139211 -0.579114 0.297926 0.497781 0.0324174 2.61093 0.374798 -19.0319
0.7 1.49759 0.0932075 1.61733 0.107373 0.317552 0.07729 -0.113577 0.0995553 -0.190165 0.16264 0.518185 0.0353281 3.12874 0.250107 -15.9032
0.9 1.43104 0.0822832 1.3837 0.0916764 0.363949 0.0641621 -0.19235 0.0711251 -0.145794 0.0844364 0.554476 0.0345056 2.84054 0.177426 -13.0626
1.1 1.1062 0.0643357 0.983868 0.0718842 0.264381 0.0435463 0.0173443 0.0324799 -0.0460802 0.0396838 0.443102 0.0295885 2.32571 0.117611 -10.7369
1.3 0.788251 0.0483553 0.66571 0.0517219 0.153451 0.0332417 0.0543777 0.0185915 0.0156241 0.0146407 0.374117 0.0236637 1.67741 0.0817214 -9.0595
1.5 0.506104 0.0355142 0.39606 0.0418389 0.183803 0.0300265 0.136059 0.0421925 0.0971972 0.0515641 0.278112 0.0189616 1.31922 0.0913915 -7.74028
1.7 0.363355 0.0274637 0.36656 0.0340075 0.147568 0.0324454 0.064651 0.0263841 0.149827 0.0588376 0.195432 0.0164583 1.09196 0.0843888 -6.64831
1.9 0.821264 0.0591181 0.825571 0.0645935 0.384412 0.05018 0.332129 0.0610882 0.975116 0.206203 0.337277 0.0277744 3.33849 0.237564 -3.30982
