0.1 0.367642 0.052186 0.35681 0.10623 -0.319551 0.229567 -1.96894 0.510913 -22.2019 2.13358 0.140451 0.01837 -23.7659 2.20905 -23.7659
0.3 1.03629 0.094754 1.24375 0.145505 0.164754 0.18585 -0.217569 0.295171 -1.4322 0.708125 0.33011 0.0349581 0.795031 0.808243 -22.9709
0.5 1.38697 0.120261 1.62427 0.156143 0.509122 0.129077 -0.225123 0.153381 -0.344338 0.328179 0.49335 0.0422246 2.9509 0.432125 -20.02
0.7 1.54471 0.121388 1.6214 0.129212 0.336259 0.0815916 -0.187606 0.0705582 -0.202221 0.102908 0.579722 0.046498 3.11254 0.231639 -16.9075
0.9 1.50791 0.101271 1.27513 0.111556 0.423094 0.0647819 0.0140938 0.0352447 0.0192657 0.035507 0.539646 0.0454961 3.23949 0.171465 -13.668
1.1 1.13586 0.0836196 1.11772 0.089278 0.502438 0.0646566 0.187823 0.0612266 0.521111 0.172186 0.496334 0.0377073 3.46495 0.229216 -10.203
1.3 0.837885 0.0566212 0.74373 0.0670828 0.273388 0.0475637 0.184324 0.0663169 0.132137 0.0845215 0.397608 0.0308418 2.17146 0.146663 -8.03155
1.5 0.55278 0.0428163 0.47341 0.0521422 0.210469 0.0421527 0.174938 0.0687662 0.0406555 0.040521 0.242673 0.0241217 1.45225 0.112693 -6.5793
1.7 0.372923 0.0376029 0.300003 0.0428666 0.200767 0.0488576 0.103934 0.0445933 0.374533 0.175656 0.154286 0.0201225 1.35216 0.196168 -5.22714
1.9 0.69269 0.0743685 0.752861 0.0854884 0.312596 0.0567098 0.375039 0.0803513 0.901079 0.268142 0.268502 0.03299 3.03427 0.307264 -2.19287
