0.1 0.48871 0.0666915 0.680041 0.155726 0.243275 0.321478 -1.24866 0.703936 -28.6123 2.85286 0.116249 0.0233715 -28.4489 2.96081 -28.4489
0.3 1.0673 0.124304 1.38598 0.182002 0.0808137 0.21678 0.205077 0.30885 -0.803659 0.44635 0.319387 0.0429813 1.93551 0.624649 -26.5134
0.5 1.35483 0.142781 1.83902 0.18133 0.512308 0.102235 0.15614 0.10558 0.316184 0.156908 0.488153 0.055658 4.17848 0.315415 -22.3349
0.7 1.53006 0.143339 1.88614 0.169679 0.68367 0.125006 0.301411 0.131513 0.261321 0.102327 0.557482 0.0591785 4.6626 0.304516 -17.6723
0.9 1.54483 0.126107 1.7067 0.152534 0.477737 0.0986559 0.275575 0.0865686 0.594267 0.200433 0.505415 0.0553765 4.59911 0.310757 -13.0732
1.1 1.14012 0.09768 1.12414 0.110374 0.580145 0.0959639 0.186696 0.0793921 0.720544 0.295064 0.558018 0.0482259 3.75165 0.35256 -9.32155
1.3 0.822733 0.077424 0.634738 0.0792409 0.372952 0.0716463 0.195434 0.0865782 0.379396 0.182109 0.337096 0.0421962 2.40525 0.24097 -6.9163
1.5 0.565592 0.0547885 0.505327 0.0677737 0.144352 0.0566438 0.162465 0.0872038 0.0396647 0.0542944 0.252684 0.0300864 1.4174 0.146137 -5.4989
1.7 0.378473 0.0468468 0.271803 0.0578 0.117536 0.0350441 0.0952606 0.0514418 0.20139 0.0985446 0.110432 0.0262221 1.06446 0.138278 -4.43444
1.9 0.617061 0.0915755 0.610098 0.104223 0.339187 0.0837579 0.311312 0.0827218 0.350655 0.168199 0.289366 0.0446137 2.22831 0.247785 -2.20612
