0.1 0.428015 0.0774252 0.661816 0.168647 0.512559 0.369395 -0.877361 0.857444 -27.7178 3.39812 0.118036 0.0254356 -26.9927 3.52893 -26.9927
0.3 0.952476 0.130889 1.40514 0.207151 0.250161 0.221967 0.515942 0.233008 0.102642 0.314746 0.268887 0.0461345 3.22637 0.512514 -23.7664
0.5 1.29437 0.163748 1.58407 0.199438 0.577567 0.142315 0.513843 0.16978 0.84979 0.297935 0.415681 0.0584814 4.81964 0.452143 -18.9467
0.7 1.36191 0.147693 1.52926 0.177676 0.433577 0.124247 0.220471 0.149415 0.298045 0.126739 0.48376 0.0616317 3.84327 0.327425 -15.1035
0.9 1.35799 0.14933 1.57917 0.170553 0.489291 0.116449 0.128755 0.119466 0.413599 0.191701 0.456331 0.0556825 3.96881 0.340543 -11.1346
1.1 1.00403 0.104619 1.04358 0.124613 0.511869 0.112962 0.269169 0.111007 0.876643 0.390523 0.451601 0.0567938 3.70529 0.451735 -7.42936
1.3 0.67079 0.0888032 0.729853 0.102148 0.16459 0.0822695 0.167852 0.100102 0.319774 0.207283 0.329412 0.0476498 2.05286 0.279419 -5.3765
1.5 0.496069 0.0637637 0.459891 0.072115 0.160075 0.0666491 0.148901 0.0848524 0.100262 0.0592025 0.235186 0.0357017 1.3652 0.156248 -4.0113
1.7 0.341086 0.0536285 0.21281 0.0685571 0.123674 0.0420662 0.0541927 0.0499167 0.157247 0.111059 0.0913404 0.028695 0.88901 0.155472 -3.12229
1.9 0.506714 0.104152 0.426592 0.131253 0.368682 0.0900961 0.241133 0.0951163 0.356326 0.203858 0.281769 0.0530964 1.89945 0.294614 -1.22284
