0.1 0.477021 0.0703447 0.562454 0.158307 0.371101 0.333191 -1.12692 0.761079 -28.2131 3.10562 0.103843 0.0242587 -27.9294 3.21949 -27.9294
0.3 0.869022 0.128639 1.32391 0.194258 -0.092331 0.227167 0.147184 0.271537 -1.24422 0.488918 0.343119 0.0441494 1.00357 0.647041 -26.9258
0.5 1.47752 0.153525 1.69949 0.179869 0.524316 0.122258 0.274676 0.13592 0.447512 0.188036 0.47807 0.0544838 4.42351 0.353131 -22.5023
0.7 1.53712 0.144261 1.76849 0.179912 0.558082 0.124131 0.295404 0.141557 0.241135 0.102747 0.509736 0.0614713 4.40023 0.314934 -18.1021
0.9 1.48902 0.131513 1.50842 0.155197 0.477466 0.108817 0.231888 0.104474 0.604536 0.216181 0.470381 0.057173 4.31132 0.332975 -13.7908
1.1 1.10584 0.0981547 1.05354 0.10994 0.52148 0.0998844 0.194824 0.0875665 0.830493 0.328417 0.536119 0.0516486 3.70618 0.383698 -10.0846
1.3 0.789405 0.0761661 0.660324 0.0909807 0.321832 0.0762424 0.220266 0.0832709 0.491624 0.18681 0.367252 0.045904 2.48345 0.248443 -7.60114
1.5 0.536365 0.0576117 0.535918 0.0709956 0.127194 0.0589352 0.195643 0.0977242 0.0467603 0.0591574 0.262803 0.0326495 1.44188 0.157742 -6.15926
1.7 0.342188 0.0444107 0.244909 0.0599772 0.114861 0.03672 0.118002 0.0559715 0.236352 0.10939 0.148009 0.0269096 1.05631 0.148381 -5.10295
1.9 0.51262 0.0961245 0.472932 0.117223 0.315846 0.0822272 0.278113 0.0829231 0.16089 0.119887 0.242257 0.0477902 1.7404 0.225814 -3.36255
