0.1 0.429024 0.0866986 0.607537 0.181338 0.977573 0.377211 1.04744 0.8963 -30.3533 3.66543 0.120262 0.0294687 -27.2917 3.79756 -27.2917
0.3 0.647629 0.145981 1.38433 0.219314 0.903881 0.233679 1.09605 0.307632 0.548923 0.371734 0.329219 0.0499708 4.58082 0.597359 -22.7109
0.5 1.269 0.187189 1.62465 0.212259 0.542361 0.160673 0.587025 0.181968 1.02038 0.356597 0.386364 0.0644592 5.04341 0.51593 -17.6675
0.7 1.277 0.145304 1.44079 0.200992 0.428356 0.129147 0.270826 0.172735 0.312915 0.145686 0.459712 0.0708448 3.72989 0.359516 -13.9376
0.9 1.28332 0.17691 1.43751 0.190688 0.521414 0.140336 0.101768 0.109568 0.450443 0.225607 0.402469 0.0614446 3.79445 0.387629 -10.1431
1.1 0.942979 0.12136 0.744719 0.132966 0.458148 0.12281 0.169354 0.127685 0.659983 0.37025 0.449159 0.0650966 2.97518 0.448195 -7.16794
1.3 0.58354 0.0987119 0.547765 0.100947 0.078222 0.0750339 -0.0452934 0.096036 -0.0199516 0.235729 0.276501 0.0512368 1.14428 0.300592 -6.02366
1.5 0.517238 0.0707723 0.430694 0.07855 0.144838 0.0745629 0.141718 0.0986736 0.052729 0.052729 0.180174 0.0400971 1.28722 0.171042 -4.73644
1.7 0.272452 0.0580548 0.238355 0.0662997 0.10952 0.0447734 0.0661786 0.0603515 0.189207 0.13349 0.116229 0.0337399 0.875712 0.176727 -3.86073
1.9 0.331569 0.102049 0.482794 0.167414 0.3206 0.0927275 0.305676 0.109697 0.428547 0.244844 0.220447 0.0542652 1.86919 0.344995 -1.99154
