-1.25 0.856874 0.0401709 -1.25 1.62524 0.0553237 0.455744 0.0292963
-0.9 1.4548 0.0827608 -0.9375 2.66667 0.141732 0.474576 0.059791
-0.7 2.28814 0.103792 -0.8125 2.42561 0.135174 0.519774 0.0625734
-0.5 3.65819 0.131237 -0.6875 2.62147 0.140525 0.414313 0.0558659
-0.35 4.50094 0.205868 -0.5625 3.20151 0.155296 0.482109 0.0602637
-0.25 5.57439 0.229106 -0.4375 3.22411 0.155843 0.625235 0.0686285
-0.15 6.82674 0.253539 -0.3125 4.54237 0.18498 0.564972 0.0652373
0 8.34746 0.198244 -0.1875 5.80038 0.209031 0.497175 0.061198
0.15 6.80791 0.253189 0 7.06591 0.163137 0.516008 0.0440855
0.25 5.66855 0.231033 0.1875 5.74765 0.208079 0.308851 0.0482345
0.35 4.60452 0.208224 0.3125 4.65537 0.187266 0.53484 0.0634738
0.5 1.6855 0.0890814 0.4375 3.92467 0.171943 0.527307 0.0630252
0.7 2.11394 0.0997628 0.5625 3.09605 0.152717 0.429379 0.0568726
0.9 1.29473 0.078075 0.6875 2.75706 0.144114 0.45951 0.0588343
1.25 0.72693 0.0369998 0.8125 2.68173 0.142132 0.451977 0.05835
0 -nan -nan 0.9375 2.16949 0.127839 0.474576 0.059791
0 -nan -nan 1.25 1.74388 0.0573074 0.412429 0.0278694
