2.5 0.145742 0.00343486
7.5 0.227469 0.00299789
12.5 0.347552 0.00349759
17.5 0.45489 0.00380308
22.5 0.546075 0.00379782
27.5 0.629339 0.00356949
32.5 0.68615 0.00330656
37.5 0.731214 0.00307056
42.5 0.759588 0.00279935
47.5 0.786597 0.00265871
52.5 0.805574 0.00244967
57.5 0.819054 0.00234975
62.5 0.832483 0.00228158
67.5 0.8426 0.0021728
72.5 0.856217 0.00204701
77.5 0.864172 0.00190171
82.5 0.874582 0.00184879
87.5 0.881775 0.00178395
92.5 0.890839 0.00160353
97.5 0.897397 0.00154941
102.5 0.909296 0.00106394
107.5 0.915579 0.00115389
112.5 0.918199 0.00126767
117.5 0.924999 0.0013162
122.5 0.926639 0.00149219
127.5 0.931918 0.00157691
132.5 0.939321 0.00154827
137.5 0.936553 0.00180415
142.5 0.938942 0.00189599
147.5 0.943196 0.00202306
152.5 0.938018 0.00246012
157.5 0.945908 0.00254789
162.5 0.949599 0.00250922
167.5 0.950291 0.00239467
172.5 0.957495 0.00255028
177.5 0.952292 0.00315595
182.5 0.95511 0.00426119
187.5 0.954728 0.00394615
192.5 0.955276 0.0037367
197.5 0.95649 0.00423849
