-1.25 -0.227181 0.0214665 -1.25 1.03014 0.0457113 0.381339 0.027812
-0.9 -0.162272 0.0286859 -0.9375 0.637275 0.0719068 0.170385 0.0371811
-0.7 0.30403 0.039265 -0.8125 0.657201 0.0730223 0.245019 0.0445868
-0.5 0.96856 0.0700825 -0.6875 0.811359 0.0811359 -0.137931 0.0334532
-0.35 2.00811 0.14271 -0.5625 1.04665 0.0921527 -0.154158 0.0353663
-0.25 3.15416 0.178856 -0.4375 1.45233 0.108552 -0.275862 0.04731
-0.15 4.8073 0.220807 -0.3125 2.00406 0.127515 -0.219067 0.0421595
0 7.32527 0.192734 -0.1875 3.74848 0.174395 -0.259635 0.0458974
0.15 4.64503 0.217048 0 5.93969 0.155229 -0.219067 0.0298112
0.25 3.49899 0.188379 0.1875 3.39959 0.166081 -0.398828 0.0568852
0.35 2.27181 0.151791 0.3125 2.05129 0.129009 -0.170385 0.0371811
0.5 0.329615 0.0408837 0.4375 0.981744 0.0892495 -0.308316 0.0500155
0.7 0.349899 0.0421228 0.5625 0.908722 0.0858662 0.0649087 0.0229487
0.9 -0.0709939 0.0189739 0.6875 0.827586 0.0819432 -0.129817 0.0324544
1.25 -0.20284 0.020284 0.8125 0.543611 0.0664126 -0.0649087 0.0229487
0 -nan -nan 0.9375 0.803245 0.0807292 0.0329712 0.0163559
0 -nan -nan 1.25 1.0568 0.046299 0.314402 0.0252533
