-1.25 0.983471 0.0450773 -1.25 2.38248 0.0701604 0.630165 0.0360832
-0.9 1.94731 0.100292 -0.9375 3.11728 0.160507 0.619835 0.0715723
-0.7 3.00103 0.124504 -0.8125 3.62709 0.173136 0.652893 0.0734562
-0.5 4.80884 0.157604 -0.6875 4.50267 0.192905 0.735537 0.0779668
-0.35 6.20524 0.253187 -0.5625 4.73554 0.19783 0.652893 0.0734562
-0.25 7.89552 0.285596 -0.4375 5.01688 0.203622 0.876033 0.0850879
-0.15 10.3392 0.326818 -0.3125 5.59963 0.215123 0.520661 0.0655971
0 12.5965 0.255077 -0.1875 7.66352 0.251664 0.719008 0.0770858
0.15 10.0222 0.321769 0 10.1891 0.205192 0.636364 0.0512796
0.25 7.98554 0.28722 0.1875 8.0712 0.258271 0.586777 0.0696376
0.35 6.35331 0.25619 0.3125 5.91001 0.221005 0.636364 0.0725204
0.5 2.222 0.107132 0.4375 4.98347 0.202943 0.644628 0.0729898
0.7 2.90806 0.12256 0.5625 4.93878 0.202031 0.561983 0.0681505
0.9 1.79236 0.0962187 0.6875 4.43585 0.191468 0.760331 0.0792699
1.25 0.864146 0.0422543 0.8125 3.62131 0.172998 0.603306 0.0706116
0 -nan -nan 0.9375 3.30579 0.165289 0.644628 0.0729898
0 -nan -nan 1.25 2.27843 0.0686111 0.514489 0.0326036
