17.5 5567.28 11402.3 2923
22.5 3286.24 5726.52 2031
27.5 1853.34 2934.84 1261
32.5 1049.39 1542.5 761
37.5 554.595 777.757 419
42.5 297.914 396.696 237
47.5 193.833 247.271 158
52.5 130.375 171.181 103
57.5 68.0074 89.6943 54
62.5 54.3908 64.4964 47
67.5 24.3571 29.0774 21
72.5 28.4147 34.5673 24
77.5 20.199 23.0657 18
82.5 8.97696 10.2261 8
87.5 8.16244 9.62124 7
92.5 6.94021 8.04773 6
97.5 3.00048 3.04853 3
102.5 0.9528 0.907829 1
107.5 1.20263 1.44632 1
112.5 0 0 0
117.5 2.11845 2.24643 2
122.5 0 0 0
127.5 0 0 0
132.5 0 0 0
137.5 0 0 0
142.5 0 0 0
147.5 0 0 0
152.5 0 0 0
157.5 0 0 0
162.5 0 0 0
167.5 0 0 0
172.5 0 0 0
177.5 0 0 0
182.5 0 0 0
187.5 0 0 0
192.5 0 0 0
197.5 0 0 0
202.5 0 0 0
207.5 0 0 0
212.5 0 0 0
217.5 0 0 0
222.5 0 0 0
227.5 0 0 0
232.5 0 0 0
237.5 0 0 0
242.5 0 0 0
247.5 0 0 0
252.5 0 0 0
257.5 0 0 0
262.5 0 0 0
267.5 0 0 0
272.5 0 0 0
277.5 0 0 0
282.5 0 0 0
287.5 0 0 0
292.5 0 0 0
297.5 0 0 0
