17.5 4353.16 6691.43 2934
22.5 3003.71 3898.68 2410
27.5 1743.6 2053.5 1546
32.5 929.238 1048.48 859
37.5 469.989 512.248 448
42.5 251.151 265.825 245
47.5 169.31 182.513 160
52.5 113.407 123.338 106
57.5 58.9961 63.8739 56
62.5 47.8858 49.5651 47
67.5 21.6895 22.5069 21
72.5 25.1227 26.4983 24
77.5 18.0257 18.1695 18
82.5 8.19405 8.52888 8
87.5 7.29373 7.64777 7
92.5 6.18995 6.40024 6
97.5 3.06089 3.14675 3
102.5 0.967846 0.936727 1
107.5 1.01329 1.02676 1
112.5 0 0 0
117.5 1.96591 1.93314 2
122.5 0 0 0
127.5 0 0 0
132.5 0 0 0
137.5 0 0 0
142.5 0 0 0
147.5 0 0 0
152.5 0 0 0
157.5 0 0 0
162.5 0 0 0
167.5 0 0 0
172.5 0 0 0
177.5 0 0 0
182.5 0 0 0
187.5 0 0 0
192.5 0 0 0
197.5 0 0 0
202.5 0 0 0
207.5 0 0 0
212.5 0 0 0
217.5 0 0 0
222.5 0 0 0
227.5 0 0 0
232.5 0 0 0
237.5 0 0 0
242.5 0 0 0
247.5 0 0 0
252.5 0 0 0
257.5 0 0 0
262.5 0 0 0
267.5 0 0 0
272.5 0 0 0
277.5 0 0 0
282.5 0 0 0
287.5 0 0 0
292.5 0 0 0
297.5 0 0 0
