17.5 5844.55 10386.4 3474
22.5 3484.51 5268.54 2444
27.5 1951.85 2677.69 1514
32.5 1020.25 1323.17 832
37.5 528.577 653.819 449
42.5 284.196 345.755 245
47.5 178.939 211.685 156
52.5 122.637 148.735 104
57.5 64.6142 77.335 56
62.5 51.1238 56.7913 47
67.5 22.7259 25.0351 21
72.5 26.8379 30.5882 24
77.5 18.5841 19.4422 18
82.5 8.42487 9.08496 8
87.5 7.73282 8.64557 7
92.5 6.81521 7.75352 6
97.5 3.02694 3.07497 3
102.5 1.00049 1.00099 1
107.5 1.05391 1.11073 1
112.5 0 0 0
117.5 1.98791 1.976 2
122.5 0 0 0
127.5 0 0 0
132.5 0 0 0
137.5 0 0 0
142.5 0 0 0
147.5 0 0 0
152.5 0 0 0
157.5 0 0 0
162.5 0 0 0
167.5 0 0 0
172.5 0 0 0
177.5 0 0 0
182.5 0 0 0
187.5 0 0 0
192.5 0 0 0
197.5 0 0 0
202.5 0 0 0
207.5 0 0 0
212.5 0 0 0
217.5 0 0 0
222.5 0 0 0
227.5 0 0 0
232.5 0 0 0
237.5 0 0 0
242.5 0 0 0
247.5 0 0 0
252.5 0 0 0
257.5 0 0 0
262.5 0 0 0
267.5 0 0 0
272.5 0 0 0
277.5 0 0 0
282.5 0 0 0
287.5 0 0 0
292.5 0 0 0
297.5 0 0 0
