17.5 2251.49 3117.12 1667
22.5 1942.59 2238.29 1725
27.5 1144.11 1217.89 1104
32.5 591.696 618.826 581
37.5 314.332 325.293 311
42.5 184.372 184.671 187
47.5 119.588 120.78 121
52.5 76.882 77.9158 77
57.5 39.6195 40.1228 40
62.5 36.0646 36.3945 36
67.5 19.0403 17.9408 21
72.5 20.4424 20.0135 21
77.5 6.15445 6.33261 6
82.5 5.20106 5.44543 5
87.5 4.9861 4.98627 5
92.5 5.08391 5.17987 5
97.5 1.02961 1.0601 1
102.5 1.98959 1.97999 2
107.5 0 0 0
112.5 1.90978 1.82369 2
117.5 0 0 0
122.5 0 0 0
127.5 0 0 0
132.5 0 0 0
137.5 0 0 0
142.5 0 0 0
147.5 0 0 0
152.5 0 0 0
157.5 0 0 0
162.5 0 0 0
167.5 0 0 0
172.5 0 0 0
177.5 0 0 0
182.5 0 0 0
187.5 0 0 0
192.5 0 0 0
197.5 0 0 0
202.5 0 0 0
207.5 0 0 0
212.5 0 0 0
217.5 0 0 0
222.5 0 0 0
227.5 0 0 0
232.5 0 0 0
237.5 0 0 0
242.5 0 0 0
247.5 0 0 0
252.5 0 0 0
257.5 0 0 0
262.5 0 0 0
267.5 0 0 0
272.5 0 0 0
277.5 0 0 0
282.5 0 0 0
287.5 0 0 0
292.5 0 0 0
297.5 0 0 0
