17.5 510.624 9798.14 27
22.5 52469.5 1.13532e+06 2520
27.5 36598 909793 1534
32.5 23087.8 678863 816
37.5 13023.8 451837 388
42.5 9068.55 359290 236
47.5 6526.83 290992 150
52.5 4155.88 209637 84
57.5 2695.52 150493 49
62.5 2384.51 143429 40
67.5 1778.9 113859 28
72.5 881.715 62963 13
77.5 726.316 52847 10
82.5 318.68 25524.3 4
87.5 512.864 43939.9 6
92.5 442.615 39219.2 5
97.5 284.418 27049.3 3
102.5 310.151 32130.7 3
107.5 0 0 0
112.5 114.541 13119.7 1
117.5 0 0 0
122.5 0 0 0
127.5 0 0 0
132.5 0 0 0
137.5 0 0 0
142.5 0 0 0
147.5 0 0 0
152.5 0 0 0
157.5 0 0 0
162.5 0 0 0
167.5 0 0 0
172.5 0 0 0
177.5 0 0 0
182.5 0 0 0
187.5 0 0 0
192.5 0 0 0
197.5 0 0 0
202.5 0 0 0
207.5 0 0 0
212.5 0 0 0
217.5 0 0 0
222.5 0 0 0
227.5 0 0 0
232.5 0 0 0
237.5 0 0 0
242.5 0 0 0
247.5 0 0 0
252.5 0 0 0
257.5 0 0 0
262.5 0 0 0
267.5 0 0 0
272.5 0 0 0
277.5 0 0 0
282.5 0 0 0
287.5 0 0 0
292.5 0 0 0
297.5 0 0 0
