17.5 235.509 4302.41 13
22.5 19402 405690 970
27.5 25564.2 565344 1225
32.5 30339.4 712177 1376
37.5 29801.5 752942 1271
42.5 24262.3 656161 974
47.5 19960.6 590699 733
52.5 16171.5 536760 537
57.5 11227.8 401941 347
62.5 7962.81 331023 212
67.5 6508.64 295112 156
72.5 3979.8 193079 89
77.5 3128.9 178632 60
82.5 2007.64 122688 35
87.5 1333.12 85054.6 22
92.5 1143.43 73563.9 19
97.5 1229.17 91980.6 17
102.5 620.972 49417.7 8
107.5 791.811 61314.9 11
112.5 268.053 24100.5 3
117.5 282.076 26586.9 3
122.5 118.394 14017.1 1
127.5 294.086 29912.4 3
132.5 0 0 0
137.5 0 0 0
142.5 0 0 0
147.5 0 0 0
152.5 0 0 0
157.5 0 0 0
162.5 0 0 0
167.5 0 0 0
172.5 0 0 0
177.5 0 0 0
182.5 0 0 0
187.5 0 0 0
192.5 0 0 0
197.5 0 0 0
202.5 0 0 0
207.5 0 0 0
212.5 0 0 0
217.5 0 0 0
222.5 0 0 0
227.5 0 0 0
232.5 0 0 0
237.5 0 0 0
242.5 0 0 0
247.5 0 0 0
252.5 0 0 0
257.5 0 0 0
262.5 0 0 0
267.5 0 0 0
272.5 0 0 0
277.5 0 0 0
282.5 0 0 0
287.5 0 0 0
292.5 0 0 0
297.5 0 0 0
