17.5 547.236 10191.9 30
22.5 36828.9 773917 1833
27.5 44387.7 992595 2091
32.5 40701.7 988591 1785
37.5 33657.2 889119 1370
42.5 23487.5 693948 855
47.5 17467.9 584781 567
52.5 10993.3 409060 318
57.5 8089.1 353893 197
62.5 5644.2 268210 127
67.5 4541.26 233599 94
72.5 2562.38 164290 42
77.5 1906.43 121407 31
82.5 1279.79 84125 20
87.5 994.127 67801.3 15
92.5 699.023 55515.9 9
97.5 763.507 59787.9 10
102.5 268.648 22102 4
107.5 530.935 47125 6
112.5 667.002 64799.6 7
117.5 118.394 14017.1 1
122.5 0 0 0
127.5 0 0 0
132.5 0 0 0
137.5 0 0 0
142.5 0 0 0
147.5 0 0 0
152.5 0 0 0
157.5 0 0 0
162.5 0 0 0
167.5 0 0 0
172.5 0 0 0
177.5 0 0 0
182.5 0 0 0
187.5 0 0 0
192.5 0 0 0
197.5 0 0 0
202.5 0 0 0
207.5 0 0 0
212.5 0 0 0
217.5 0 0 0
222.5 0 0 0
227.5 0 0 0
232.5 0 0 0
237.5 0 0 0
242.5 0 0 0
247.5 0 0 0
252.5 0 0 0
257.5 0 0 0
262.5 0 0 0
267.5 0 0 0
272.5 0 0 0
277.5 0 0 0
282.5 0 0 0
287.5 0 0 0
292.5 0 0 0
297.5 0 0 0
