5 0.0134983 0.00123222 0.0545557 0.00247725 0.1018 0.00338394 0.0968504 0.00330065 0.0769404 0.00294189 0.0507312 0.00238884
15 0.0415073 0.00216078 0.142745 0.00400709 0.0961755 0.00328913 0.0539933 0.00246444 0.0304837 0.00185175 0.00686164 0.000878543
25 0.0753656 0.00291163 0.105962 0.00345242 0.0467942 0.00229427 0.0206974 0.00152583 0.0087739 0.000993449 0.000449944 0.000224972
35 0.0975253 0.00331213 0.0665917 0.0027369 0.0231721 0.00161448 0.0104612 0.00108478 0.00134983 0.000389663 0.000112486 0.000112486
45 0.092351 0.00322307 0.0401575 0.00212536 0.0142857 0.00126765 0.00281215 0.00056243 0 0 0 0
55 0.0892013 0.00316763 0.0283465 0.00178566 0.00809899 0.000954475 0.000899888 0.000318158 0 0 0.000112486 0.000112486
65 0.0937008 0.00324654 0.0163105 0.00135451 0.00269966 0.000551066 0.000337458 0.000194831 0 0 0 0
75 0.107087 0.0034707 0.012261 0.00117439 0.00191226 0.000463791 0 0 0 0 0 0
85 0.124297 0.00373921 0.00472441 0.000728992 0.000224972 0.000159079 0 0 0 0 0 0
95 0.434871 0.00699406 0.00494938 0.000746147 0.000674916 0.000275533 0 0 0 0 0 0
