0.1 1.22077 0.0106338
0.3 0.953205 0.0133297
0.5 0.801569 0.0134849
0.7 0.722544 0.0134094
0.9 0.72744 0.0141053
1.1 0.659477 0.0133004
1.3 0.653081 0.0132795
1.5 0.630709 0.0134463
1.7 0.60186 0.0133478
1.9 0.560478 0.0131243
2.1 0.577163 0.0139617
2.3 0.551672 0.0145675
2.5 0.578611 0.0165752
2.7 0.638685 0.0195977
2.9 0.673663 0.0230195
3.1 0.710299 0.0272576
3.3 0.858244 0.0367564
3.5 0.848197 0.0417908
3.7 0.993325 0.056081
3.9 1.11258 0.0762742
4.1 1.06359 0.0947099
4.3 1.08147 0.121236
4.5 1.39693 0.220909
4.7 1.35322 0.309081
4.9 1.70803 0.556038
5.1 1.33672 0.64953
5.3 0.594098 0.514504
