-0.9 1.1882 0.396066
-0.7 1.01845 0.200329
-0.5 1.24478 0.155035
-0.3 1.06469 0.0927214
-0.1 0.902125 0.045953
0.1 0.894985 0.0119036
0.3 1.08086 0.0157601
0.5 1.04836 0.0157953
0.7 0.97298 0.0154239
0.9 0.875977 0.0148278
1.1 0.814967 0.014593
1.3 0.735466 0.0138187
1.5 0.665721 0.0131154
1.7 0.656237 0.0133909
1.9 0.620907 0.0133128
2.1 0.600904 0.0133602
2.3 0.595851 0.0139995
2.5 0.610071 0.0154231
2.7 0.641443 0.0173695
2.9 0.620952 0.0186494
3.1 0.772154 0.0251191
3.3 0.819009 0.0303644
3.5 1.00978 0.0414471
3.7 1.12373 0.052572
3.9 1.20666 0.0638873
4.1 1.63663 0.10542
4.3 1.56035 0.127215
4.5 1.44464 0.165419
4.7 2.17836 0.390874
4.9 1.96667 0.462548
5.1 3.16852 1.07255
5.3 1.58426 1.21
5.5 1.78229 1.62701
