-0.9 1.02373 0.351744
-0.7 1.04886 0.203017
-0.5 1.16997 0.146826
-0.3 1.13105 0.0961984
-0.1 0.986797 0.0485846
0.1 0.906234 0.0119103
0.3 1.08157 0.0156295
0.5 1.06212 0.0157949
0.7 1.00698 0.0156865
0.9 0.931182 0.0153552
1.1 0.890832 0.0154123
1.3 0.840583 0.0149799
1.5 0.798176 0.0147125
1.7 0.771373 0.0148145
1.9 0.75494 0.0150783
2.1 0.72994 0.0150997
2.3 0.712354 0.0156696
2.5 0.692107 0.016582
2.7 0.674508 0.0177879
2.9 0.664821 0.0193182
3.1 0.719688 0.0236792
3.3 0.753521 0.0282255
3.5 0.762751 0.0335928
3.7 0.852375 0.0427431
3.9 0.780919 0.0463668
4.1 0.933084 0.067104
4.3 0.919568 0.085921
4.5 0.870167 0.114159
4.7 1.02917 0.218529
4.9 1.0283 0.282948
5.1 1.04699 0.457464
5.3 1.15169 0.940353
5.7 1.15169 1.62874
