-0.9 0.954939 0.33385
-0.7 1.08454 0.207839
-0.5 1.20959 0.150375
-0.3 1.0186 0.0888959
-0.1 0.934194 0.0466484
0.1 0.930053 0.0121154
0.3 1.06558 0.0154299
0.5 1.03374 0.0155013
0.7 0.953622 0.015047
0.9 0.903778 0.0150598
1.1 0.828422 0.0145556
1.3 0.756373 0.013888
1.5 0.713775 0.0135837
1.7 0.697698 0.0138208
1.9 0.67533 0.0138716
2.1 0.651546 0.0139617
2.3 0.646732 0.0146976
2.5 0.668911 0.0161855
2.7 0.687848 0.0179381
2.9 0.721156 0.0203856
3.1 0.825898 0.0261913
3.3 0.928824 0.0325308
3.5 1.07715 0.0432019
3.7 1.2002 0.0550548
3.9 1.22824 0.0640867
4.1 1.77979 0.11215
4.3 1.6878 0.136154
4.5 1.61627 0.182529
4.7 1.9815 0.35931
4.9 1.35056 0.34701
5.1 1.56263 0.620298
5.3 2.67383 1.84512
5.5 2.29185 1.9848
5.7 1.14593 1.62059
