0.1 1.26429 0.0110564
0.3 0.947153 0.0133792
0.5 0.750819 0.0131006
0.7 0.686282 0.0131132
0.9 0.659081 0.0133468
1.1 0.612168 0.0127314
1.3 0.574906 0.0125098
1.5 0.553656 0.0124164
1.7 0.53115 0.0124711
1.9 0.517398 0.0126769
2.1 0.500958 0.0130255
2.3 0.506744 0.0141304
2.5 0.522893 0.0157421
2.7 0.555059 0.0178579
2.9 0.589256 0.0211006
3.1 0.61977 0.0248705
3.3 0.697608 0.0318563
3.5 0.827691 0.0434785
3.7 0.767979 0.0469539
3.9 0.902201 0.064772
4.1 0.977274 0.0933187
4.3 0.812364 0.101486
4.5 1.08826 0.176922
4.7 1.04021 0.253275
4.9 1.24154 0.425844
5.1 2.48307 1.24154
5.3 0.496615 0.415498
