1 0.912176 0.0426698 0.751945 0.0254933 0.582651 0.0154402 0.458145 0.0113827 0.299442 0.00834685 0.259768 0.00680777
3 0.0798403 0.0126239 0.223855 0.0139097 0.330606 0.0116307 0.338801 0.0097885 0.335738 0.00883826 0.185727 0.00575638
5 0.00798403 0.00399202 0.0216076 0.00432152 0.0707856 0.00538173 0.144514 0.0063929 0.20335 0.00687843 0.215522 0.00620094
7 0 0 0.00259291 0.00149702 0.01473 0.00245499 0.0444005 0.00354354 0.0991159 0.00480218 0.161641 0.00537018
9 0 0 0 0 0.0012275 0.000708695 0.0124434 0.00187592 0.0414146 0.00310416 0.097413 0.00416889
11 0 0 0 0 0 0 0.00113122 0.000565611 0.0148906 0.00186133 0.0433541 0.00278117
13 0 0 0 0 0 0 0.000565611 0.000399947 0.00442066 0.00101417 0.0230152 0.00202637
15 0 0 0 0 0 0 0 0 0.001396 0.000569914 0.0101695 0.00134698
17 0 0 0 0 0 0 0 0 0.000232666 0.000232666 0.00214095 0.000618038
19 0 0 0 0 0 0 0 0 0 0 0.000892061 0.000398942
21 0 0 0 0 0 0 0 0 0 0 0 0
23 0 0 0 0 0 0 0 0 0 0 0.000356824 0.000252313
25 0 0 0 0 0 0 0 0 0 0 0 0
27 0 0 0 0 0 0 0 0 0 0 0 0
29 0 0 0 0 0 0 0 0 0 0 0 0
31 0 0 0 0 0 0 0 0 0 0 0 0
33 0 0 0 0 0 0 0 0 0 0 0 0
35 0 0 0 0 0 0 0 0 0 0 0 0
37 0 0 0 0 0 0 0 0 0 0 0 0
39 0 0 0 0 0 0 0 0 0 0 0 0
41 0 0 0 0 0 0 0 0 0 0 0 0
43 0 0 0 0 0 0 0 0 0 0 0 0
45 0 0 0 0 0 0 0 0 0 0 0 0
47 0 0 0 0 0 0 0 0 0 0 0 0
49 0 0 0 0 0 0 0 0 0 0 0 0
