1 1 0.208514 0.878049 0.146341 0.767932 0.0569229 0.635533 0.025401 0.333581 0.0111317 0.260037 0.00692018
3 0 0 0.097561 0.0487805 0.21519 0.0301326 0.274112 0.0166819 0.340267 0.0112428 0.18453 0.00582954
5 0 0 0.0243902 0.0243902 0.0126582 0.00730823 0.0730964 0.0086145 0.188336 0.00836429 0.216206 0.00631007
7 0 0 0 0 0.00421941 0.00421941 0.0121827 0.00351685 0.0880386 0.00571872 0.161142 0.00544759
9 0 0 0 0 0 0 0.00406091 0.00203046 0.031575 0.00342479 0.0976059 0.00423973
11 0 0 0 0 0 0 0.00101523 0.00101523 0.0122585 0.00213394 0.0436464 0.00283514
13 0 0 0 0 0 0 0 0 0.00408618 0.00123203 0.0233886 0.0020754
15 0 0 0 0 0 0 0 0 0.00148588 0.000742942 0.0101289 0.00136578
17 0 0 0 0 0 0 0 0 0.000371471 0.000371471 0.00220994 0.000637956
19 0 0 0 0 0 0 0 0 0 0 0.00092081 0.000411799
21 0 0 0 0 0 0 0 0 0 0 0 0
23 0 0 0 0 0 0 0 0 0 0 0.000184162 0.000184162
25 0 0 0 0 0 0 0 0 0 0 0 0
27 0 0 0 0 0 0 0 0 0 0 0 0
29 0 0 0 0 0 0 0 0 0 0 0 0
31 0 0 0 0 0 0 0 0 0 0 0 0
33 0 0 0 0 0 0 0 0 0 0 0 0
35 0 0 0 0 0 0 0 0 0 0 0 0
37 0 0 0 0 0 0 0 0 0 0 0 0
39 0 0 0 0 0 0 0 0 0 0 0 0
41 0 0 0 0 0 0 0 0 0 0 0 0
43 0 0 0 0 0 0 0 0 0 0 0 0
45 0 0 0 0 0 0 0 0 0 0 0 0
47 0 0 0 0 0 0 0 0 0 0 0 0
49 0 0 0 0 0 0 0 0 0 0 0 0
