17.5 18.7236 0.012942
22.5 22.2041 0.0250352
27.5 27.7411 0.0503593
32.5 32.1974 0.117163
37.5 35.8097 0.0973046
42.5 41.1913 0.132999
47.5 46.7103 0.180752
52.5 51.5391 0.252533
57.5 57.0395 0.299518
62.5 62.0621 0.439625
67.5 67.5544 0.56746
72.5 72.2271 0.56058
77.5 76.8385 1.45212
82.5 84.1309 0.853357
87.5 86.662 0.798223
92.5 93.0581 0.858578
97.5 96.42 1.49282
102.5 105.575 0.999016
107.5 110.231 1.02992
112.5 116.948 2.11544
117.5 122.049 2.65711
122.5 119.768 0.332024
127.5 126.2 5.00566
132.5 129.553 1.08774
137.5 135.204 -nan
142.5 149.192 -nan
147.5 150.695 -nan
152.5 145.261 -nan
157.5 155.628 -nan
162.5 0 0
167.5 0 0
172.5 171.042 -nan
177.5 0 0
182.5 197.342 -nan
187.5 188.531 -nan
192.5 0 0
197.5 0 0
202.5 0 0
207.5 0 0
212.5 0 0
217.5 0 0
222.5 0 0
227.5 0 0
232.5 235.319 -nan
237.5 0 0
242.5 0 0
247.5 0 0
252.5 0 0
257.5 0 0
262.5 0 0
267.5 0 0
272.5 0 0
277.5 0 0
282.5 0 0
287.5 0 0
292.5 0 0
297.5 0 0
