-1.25 -0.291237 0.0178164 -1.25 2.39306 0.0510709 0.69565 0.0275355
-0.9 0.126394 0.018558 -0.9375 0.963731 0.0648194 0.147095 0.0253236
-0.7 1.6033 0.0660958 -0.8125 0.962893 0.0647912 0.00435967 0.00435967
-0.5 1.41874 0.0621753 -0.6875 3.41157 0.121956 -0.292098 0.0356855
-0.35 2.33219 0.112736 -0.5625 1.44018 0.0792384 -0.406077 0.0420757
-0.25 3.71205 0.142229 -0.4375 1.67468 0.0854462 -0.438594 0.0437278
-0.15 5.71287 0.176445 -0.3125 2.36261 0.10149 -0.771662 0.0580017
0 8.54452 0.152585 -0.1875 5.96064 0.161203 -0.79227 0.0587711
0.15 5.83313 0.178292 0 7.61609 0.128848 -0.733224 0.0399789
0.25 3.48695 0.137849 0.1875 4.22782 0.135764 -0.668918 0.0540025
0.35 4.6366 0.158958 0.3125 2.48499 0.104085 -0.508383 0.0470785
0.5 0.616943 0.0410005 0.4375 2.45759 0.10351 -0.563544 0.0495668
0.7 0.568031 0.0393417 0.5625 1.04221 0.067407 -0.422837 0.0429352
0.9 -0.177426 0.0219875 0.6875 1.32789 0.0760865 -0.215889 0.0306791
1.25 0.56742 0.0248685 0.8125 1.51271 0.081209 -0.123197 0.0231754
0 -nan -nan 0.9375 1.16337 0.0712172 0.10808 0.021707
0 -nan -nan 1.25 2.37 0.0508242 0.541833 0.0243013
