-1.25 1.43873 0.0593826 -1.25 4.03635 0.0994636 0.78775 0.0439404
-0.9 2.98989 0.135353 -0.9375 5.10961 0.223817 1.01904 0.0999528
-0.7 4.24632 0.161304 -0.8125 5.08824 0.223349 0.892157 0.0935235
-0.5 7.00444 0.20717 -0.6875 6.89014 0.259905 0.852941 0.0914449
-0.35 9.79931 0.346539 -0.5625 5.96962 0.241921 0.886043 0.0932025
-0.25 10.4903 0.35855 -0.4375 7.42569 0.269816 0.862745 0.0919689
-0.15 12.3889 0.389647 -0.3125 8.37464 0.286539 0.825764 0.0899762
0 20.0088 0.350147 -0.1875 19.6927 0.439392 0.666667 0.0808452
0.15 24.7888 0.551166 0 12.6728 0.249242 0.705882 0.0588235
0.25 10.4378 0.357651 0.1875 9.83735 0.310555 1 0.0990148
0.35 11.0845 0.368564 0.3125 8.55687 0.289639 0.958763 0.0969517
0.5 3.06655 0.137077 0.4375 7.24715 0.266553 0.833333 0.0903877
0.7 4.36885 0.163615 0.5625 6.30392 0.248602 0.784314 0.0876889
0.9 2.94405 0.134311 0.6875 14.5879 0.378178 0.745098 0.0854686
1.25 1.50832 0.0608019 0.8125 5.15686 0.22485 0.617647 0.0778162
0 -nan -nan 0.9375 4.9531 0.220363 0.833333 0.0903877
0 -nan -nan 1.25 3.58341 0.0937169 0.79432 0.0441233
