2.5 0.121219 0.00316767
7.5 0.195486 0.0028492
12.5 0.295704 0.00340486
17.5 0.404601 0.00385187
22.5 0.492522 0.00400562
27.5 0.578907 0.00393788
32.5 0.641951 0.00373569
37.5 0.693021 0.00339448
42.5 0.728734 0.00310523
47.5 0.750562 0.00301475
52.5 0.774669 0.00276759
57.5 0.800828 0.00267733
62.5 0.81379 0.00245376
67.5 0.822838 0.00240911
72.5 0.830842 0.00235478
77.5 0.845305 0.00218164
82.5 0.858822 0.0020825
87.5 0.867326 0.00197377
92.5 0.871968 0.00178764
97.5 0.886013 0.00167293
102.5 0.897915 0.00121767
107.5 0.90129 0.00129871
112.5 0.908927 0.00139276
117.5 0.913963 0.00147865
122.5 0.917248 0.00169665
127.5 0.924506 0.00178279
132.5 0.926875 0.00173919
137.5 0.931387 0.00206362
142.5 0.927812 0.00242102
147.5 0.932937 0.00244671
152.5 0.931316 0.00269263
157.5 0.938407 0.00304923
162.5 0.9408 0.00304162
167.5 0.945428 0.00313675
172.5 0.949678 0.00317598
177.5 0.944644 0.00365197
182.5 0.949686 0.00484281
187.5 0.946632 0.00435974
192.5 0.947354 0.00371591
197.5 0.953142 0.00490711
