0.1 1.11311 0.00973357
0.3 0.981714 0.013206
0.5 0.899712 0.014346
0.7 0.880701 0.0151865
0.9 0.871291 0.015592
1.1 0.857523 0.0155812
1.3 0.816905 0.0150591
1.5 0.818503 0.015582
1.7 0.800229 0.0158533
1.9 0.73085 0.0151493
2.1 0.720139 0.0159173
2.3 0.740806 0.0175981
2.5 0.730447 0.0188058
2.7 0.763321 0.0215319
2.9 0.707011 0.0228802
3.1 0.779783 0.0283555
3.3 0.753686 0.0314812
3.5 0.83959 0.0414994
3.7 0.843307 0.0501413
3.9 0.751301 0.0543473
4.1 0.97484 0.0866348
4.3 0.936033 0.109867
4.5 1.19901 0.199377
4.7 0.841169 0.192072
4.9 1.02054 0.366778
5.1 0.725715 0.331242
5.3 2.17714 1.88546
5.5 1.08857 1.53947
