-0.9 1.0281 0.347702
-0.7 0.991378 0.19189
-0.5 1.11449 0.139594
-0.3 1.06516 0.0906779
-0.1 0.98629 0.0478441
0.1 0.942177 0.0120605
0.3 1.05787 0.0151507
0.5 1.04093 0.0153817
0.7 0.998941 0.0153998
0.9 0.945031 0.015311
1.1 0.915554 0.0154359
1.3 0.87753 0.015262
1.5 0.840549 0.0150321
1.7 0.822162 0.0153203
1.9 0.797261 0.0153572
2.1 0.784069 0.0156264
2.3 0.765957 0.0162717
2.5 0.735356 0.0170219
2.7 0.738724 0.0185924
2.9 0.736792 0.0203645
3.1 0.807116 0.0254245
3.3 0.790981 0.0285965
3.5 0.808916 0.0343085
3.7 0.919737 0.0447591
3.9 0.923021 0.0516131
4.1 1.09374 0.0752966
4.3 0.934222 0.0839718
4.5 0.995266 0.121713
4.7 1.15661 0.232594
4.9 1.08857 0.285873
5.1 0.66989 0.301021
5.3 2.17714 1.53947
5.5 0.544286 0.666611
5.7 1.08857 1.53947
