-1.25 57.4443 0.366998 -1.25 57.9132 0.368493 66.5955 0.395151
-0.9 57.1395 0.578734 -0.9375 58.4853 0.740618 66.7104 0.790983
-0.7 58.8804 0.587484 -0.8125 57.6975 0.735613 64.891 0.780122
-0.5 58.6108 0.586137 -0.6875 58.7761 0.742456 66.1477 0.78764
-0.35 58.2181 0.826141 -0.5625 57.2661 0.732857 65.6788 0.784843
-0.25 59.6249 0.836063 -0.4375 58.4385 0.740321 65.6975 0.784955
-0.15 61.3247 0.847897 -0.3125 57.5944 0.734955 66.279 0.788422
0 61.7761 0.601756 -0.1875 60.5111 0.753335 66.1477 0.78764
0.15 62.0281 0.852746 0 61.3271 0.536268 65.5053 0.554235
0.25 60.129 0.83959 0.1875 61.0739 0.75683 66.1102 0.787417
0.35 57.6202 0.821888 0.3125 58.6823 0.741864 66.2321 0.788143
0.5 28.5346 0.408975 0.4375 58.1946 0.738774 65.1254 0.78153
0.7 58.3411 0.584787 0.5625 60.3236 0.752166 63.7186 0.773043
0.9 57.3447 0.579772 0.6875 58.0914 0.738119 65.5475 0.784059
1.25 56.8253 0.365016 0.8125 57.3318 0.733277 65.7257 0.785124
0 -nan -nan 0.9375 57.3411 0.733337 64.3939 0.777129
0 -nan -nan 1.25 58.1055 0.369104 66.4736 0.394789
