-1.25 58.2673 0.369618 -1.25 60.2743 0.37593 67.0317 0.396443
-0.9 59.5604 0.590866 -0.9375 62.0492 0.762849 67.714 0.796911
-0.7 59.578 0.590953 -0.8125 60.061 0.750528 66.6542 0.79065
-0.5 61.6647 0.601214 -0.6875 61.0832 0.756888 66.1946 0.787919
-0.35 61.7351 0.850729 -0.5625 61.2614 0.757991 66.1665 0.787752
-0.25 63.7749 0.86467 -0.4375 61.6366 0.760308 66.0633 0.787138
-0.15 65.9672 0.879406 -0.3125 62.959 0.768421 67.517 0.795751
0 67.2216 0.627718 -0.1875 64.347 0.776846 68.1829 0.799665
0.15 64.9472 0.872581 0 64.8347 0.55139 68.1125 0.565157
0.25 62.8605 0.858449 0.1875 63.4091 0.771163 67.1137 0.793371
0.35 63.2591 0.861166 0.3125 61.8617 0.761695 68.0891 0.799115
0.5 31.3658 0.428784 0.4375 62.2743 0.764232 67.7515 0.797131
0.7 60.5041 0.595529 0.5625 62.3212 0.764519 65.9039 0.786187
0.9 59.5428 0.590779 0.6875 61.9742 0.762388 65.6038 0.784395
1.25 57.4771 0.367103 0.8125 60.1735 0.75123 67.3107 0.794534
0 -nan -nan 0.9375 60.061 0.750528 66.8605 0.791873
0 -nan -nan 1.25 59.3224 0.372949 67.238 0.397052
