-1.25 57.6887 0.379055 -1.25 57.8954 0.379734 66.4907 0.406947
-0.9 58.3375 0.6027 -0.9375 57.8232 0.758994 66.68 0.815051
-0.7 58.4184 0.603118 -0.8125 58.7198 0.764856 65.863 0.810043
-0.5 57.2291 0.596947 -0.6875 58.68 0.764596 67.208 0.818272
-0.35 58.5679 0.854028 -0.5625 58.3512 0.762451 66.401 0.813344
-0.25 59.1158 0.858013 -0.4375 58.8194 0.765504 65.9626 0.810655
-0.15 60.0747 0.864944 -0.3125 57.604 0.757554 67.3474 0.81912
0 60.0685 0.611576 -0.1875 58.5305 0.763622 65.3051 0.806605
0.15 59.8381 0.863239 0 60.3238 0.548172 65.7435 0.572267
0.25 58.0199 0.850023 0.1875 59.2578 0.768351 66.0224 0.811023
0.35 58.0697 0.850388 0.3125 58.4209 0.762907 69.3101 0.83097
0.5 29.2964 0.427105 0.4375 57.8431 0.759124 65.7733 0.809491
0.7 57.4159 0.597921 0.5625 58.5903 0.764012 66.0224 0.811023
0.9 58.0448 0.601186 0.6875 57.0361 0.753811 68.2341 0.824495
1.25 57.3823 0.378047 0.8125 57.3748 0.756046 67.0984 0.817604
0 -nan -nan 0.9375 57.1158 0.754337 67.3176 0.818939
0 -nan -nan 1.25 58.1669 0.380623 65.863 0.405021
