2.5 0.694888 0.0043245
7.5 0.89497 0.00185182
12.5 0.94044 0.00136669
17.5 0.958073 0.00116846
22.5 0.967489 0.000986672
27.5 0.973312 0.000870299
32.5 0.977198 0.000764412
37.5 0.979954 0.000726659
42.5 0.981416 0.000721508
47.5 0.983011 0.000680524
52.5 0.984306 0.000624955
57.5 0.985719 0.000535469
62.5 0.985354 0.000640557
67.5 0.986257 0.000536735
72.5 0.986414 0.00059029
77.5 0.987749 0.00046569
82.5 0.987279 0.00048043
87.5 0.987353 0.000532998
92.5 0.988112 0.000490198
97.5 0.988528 0.000435416
102.5 0.98687 0.000398433
107.5 0.988006 0.000456315
112.5 0.989022 0.000445039
117.5 0.989938 0.00043263
122.5 0.991063 0.000450918
127.5 0.990772 0.000552035
132.5 0.991563 0.000526339
137.5 0.992496 0.000545765
142.5 0.993034 0.000540804
147.5 0.99321 0.000515884
152.5 0.992461 0.000685262
157.5 0.994213 0.000736087
162.5 0.993883 0.000657475
167.5 0.995218 0.000745844
172.5 0.994489 0.00104743
177.5 0.995181 0.000773882
182.5 0.995904 0.000690108
187.5 0.994122 0.00114398
192.5 0.995288 0.000800661
197.5 0.995216 0.00105808
