0.1 0.306283 0.10718 0.733523 0.258781 0.24413 0.601438 -0.101685 1.4881 -50.7257 3.72406
0.3 1.43323 0.185393 2.14724 0.397857 1.14579 0.293876 0.0965496 0.408148 0.000666058 0.450687
0.5 1.97329 0.247638 5.00705 2.25494 0.758695 0.241906 0.258189 0.229172 1.36521 0.621041
0.7 2.14613 0.258219 3.32131 0.388755 1.08852 0.201472 0.437292 0.207421 0.284014 0.16939
0.9 2.05559 0.232812 2.40145 0.297603 0.889415 0.16461 0.785582 0.291035 1.3842 0.587706
1.1 1.74392 0.204551 2.24897 0.240601 0.597278 0.156615 0.207979 0.235309 0.731882 0.503387
1.3 1.46088 0.149056 1.28464 0.188906 0.254234 0.141384 0.164029 0.128507 0.647609 0.406568
1.5 0.823942 0.107208 0.82179 0.163719 0.06026 0.0838612 0.0318133 0.0447503 0.316545 0.316545
1.7 0.38981 0.0658374 0.555938 0.112941 0.0112079 0.0492523 0.163248 0.122591 0.0612861 0.0617605
1.9 7.94598 0.701001 11.8923 2.56098 2.96248 0.492984 0.689706 0.698176 -6.40741 2.37782
