0.015708 965 31.0644
0.0471239 984 31.3688
0.0785398 976 31.241
0.109956 934 30.5614
0.141372 894 29.8998
0.172788 974 31.209
0.204203 961 31
0.235619 880 29.6648
0.267035 901 30.0167
0.298451 929 30.4795
0.329867 905 30.0832
0.361283 955 30.9031
0.392699 852 29.189
0.424115 904 30.0666
0.455531 875 29.5804
0.486947 857 29.2746
0.518363 837 28.931
0.549779 807 28.4077
0.581195 834 28.8791
0.61261 804 28.3549
0.644026 792 28.1425
0.675442 807 28.4077
0.706858 746 27.313
0.738274 748 27.3496
0.76969 732 27.0555
0.801106 687 26.2107
0.832522 668 25.8457
0.863938 696 26.3818
0.895354 664 25.7682
0.92677 632 25.1396
0.958186 675 25.9808
0.989601 594 24.3721
1.02102 642 25.3377
1.05243 543 23.3024
1.08385 584 24.1661
1.11527 529 23
1.14668 545 23.3452
1.1781 523 22.8692
1.20951 483 21.9773
1.24093 508 22.5389
1.27234 479 21.8861
1.30376 464 21.5407
1.33518 431 20.7605
1.36659 448 21.166
1.39801 413 20.3224
1.42942 399 19.975
1.46084 360 18.9737
1.49226 351 18.735
1.52367 327 18.0831
1.55509 297 17.2337
1.5865 279 16.7033
1.61792 275 16.5831
1.64934 266 16.3095
1.68075 247 15.7162
1.71217 216 14.6969
1.74358 179 13.3791
1.775 184 13.5647
1.80642 171 13.0767
1.83783 151 12.2882
1.86925 138 11.7473
1.90066 115 10.7238
1.93208 100 10
1.9635 67 8.18535
1.99491 50 7.07107
2.02633 51 7.14143
2.05774 30 5.47723
2.08916 32 5.65685
2.12057 8 2.82843
2.15199 -7 -nan
2.18341 -32 -nan
2.21482 -41 -nan
2.24624 -71 -nan
2.27765 -71 -nan
2.30907 -88 -nan
2.34049 -84 -nan
2.3719 -130 -nan
2.40332 -127 -nan
2.43473 -149 -nan
2.46615 -146 -nan
2.49757 -155 -nan
2.52898 -180 -nan
2.5604 -189 -nan
2.59181 -182 -nan
2.62323 -177 -nan
2.65465 -225 -nan
2.68606 -213 -nan
2.71748 -243 -nan
2.74889 -224 -nan
2.78031 -244 -nan
2.81172 -229 -nan
2.84314 -263 -nan
2.87456 -264 -nan
2.90597 -232 -nan
2.93739 -265 -nan
2.9688 -255 -nan
3.00022 -292 -nan
3.03164 -282 -nan
3.06305 -296 -nan
3.09447 -281 -nan
3.12588 -300 -nan
3.1573 0 0
3.18872 0 0
3.22013 0 0
3.25155 0 0
3.28296 0 0
3.31438 0 0
3.3458 0 0
3.37721 0 0
3.40863 0 0
3.44004 0 0
3.47146 0 0
3.50288 0 0
3.53429 0 0
3.56571 0 0
3.59712 0 0
3.62854 0 0
3.65995 0 0
3.69137 0 0
3.72279 0 0
3.7542 0 0
3.78562 0 0
3.81703 0 0
3.84845 0 0
3.87987 0 0
3.91128 0 0
3.9427 0 0
3.97411 0 0
4.00553 0 0
4.03695 0 0
4.06836 0 0
4.09978 0 0
4.13119 0 0
4.16261 0 0
4.19403 0 0
4.22544 0 0
4.25686 0 0
4.28827 0 0
4.31969 0 0
4.3511 0 0
4.38252 0 0
4.41394 0 0
4.44535 0 0
4.47677 0 0
4.50818 0 0
4.5396 0 0
4.57102 0 0
4.60243 0 0
4.63385 0 0
4.66526 0 0
4.69668 0 0
4.7281 0 0
4.75951 0 0
4.79093 0 0
4.82234 0 0
4.85376 0 0
4.88518 0 0
4.91659 0 0
4.94801 0 0
4.97942 0 0
5.01084 0 0
5.04226 0 0
5.07367 0 0
5.10509 0 0
5.1365 0 0
5.16792 0 0
5.19933 0 0
5.23075 0 0
5.26217 0 0
5.29358 0 0
5.325 0 0
5.35641 0 0
5.38783 0 0
5.41925 0 0
5.45066 0 0
5.48208 0 0
5.51349 0 0
5.54491 0 0
5.57633 0 0
5.60774 0 0
5.63916 0 0
5.67057 0 0
5.70199 0 0
5.73341 0 0
5.76482 0 0
5.79624 0 0
5.82765 0 0
5.85907 0 0
5.89049 0 0
5.9219 0 0
5.95332 0 0
5.98473 0 0
6.01615 0 0
6.04756 0 0
6.07898 0 0
6.1104 0 0
6.14181 0 0
6.17323 0 0
6.20464 0 0
6.23606 0 0
6.26748 0 0
