0.00665 21 4.58258
0.01995 79 8.88819
0.03325 123 11.0905
0.04655 142 11.9164
0.05985 185 13.6015
0.07315 193 13.8924
0.08645 232 15.2315
0.09975 302 17.3781
0.11305 345 18.5742
0.12635 353 18.7883
0.13965 338 18.3848
0.15295 384 19.5959
0.16625 401 20.025
0.17955 399 19.975
0.19285 390 19.7484
0.20615 423 20.567
0.21945 394 19.8494
0.23275 425 20.6155
0.24605 459 21.4243
0.25935 478 21.8632
0.27265 471 21.7025
0.28595 502 22.4054
0.29925 495 22.2486
0.31255 433 20.8087
0.32585 431 20.7605
0.33915 449 21.1896
0.35245 447 21.1424
0.36575 406 20.1494
0.37905 393 19.8242
0.39235 420 20.4939
0.40565 461 21.4709
0.41895 435 20.8567
0.43225 416 20.3961
0.44555 404 20.0998
0.45885 401 20.025
0.47215 390 19.7484
0.48545 355 18.8414
0.49875 369 19.2094
0.51205 346 18.6011
0.52535 375 19.3649
0.53865 373 19.3132
0.55195 383 19.5704
0.56525 330 18.1659
0.57855 351 18.735
0.59185 307 17.5214
0.60515 348 18.6548
0.61845 334 18.2757
0.63175 301 17.3494
0.64505 289 17
0.65835 282 16.7929
0.67165 273 16.5227
0.68495 225 15
0.69825 287 16.9411
0.71155 299 17.2916
0.72485 244 15.6205
0.73815 237 15.3948
0.75145 247 15.7162
0.76475 265 16.2788
0.77805 265 16.2788
0.79135 231 15.1987
0.80465 212 14.5602
0.81795 268 16.3707
0.83125 243 15.5885
0.84455 249 15.7797
0.85785 211 14.5258
0.87115 211 14.5258
0.88445 210 14.4914
0.89775 223 14.9332
0.91105 224 14.9666
0.92435 203 14.2478
0.93765 199 14.1067
0.95095 190 13.784
0.96425 166 12.8841
0.97755 207 14.3875
0.99085 189 13.7477
1.00415 184 13.5647
1.01745 172 13.1149
1.03075 199 14.1067
1.04405 169 13
1.05735 171 13.0767
1.07065 155 12.4499
1.08395 147 12.1244
1.09725 153 12.3693
1.11055 177 13.3041
1.12385 113 10.6301
1.13715 154 12.4097
1.15045 155 12.4499
1.16375 155 12.4499
1.17705 141 11.8743
1.19035 113 10.6301
1.20365 132 11.4891
1.21695 124 11.1355
1.23025 122 11.0454
1.24355 144 12
1.25685 124 11.1355
1.27015 112 10.583
1.28345 131 11.4455
1.29675 106 10.2956
1.31005 108 10.3923
1.32335 122 11.0454
1.33665 129 11.3578
1.34995 105 10.247
1.36325 133 11.5326
1.37655 126 11.225
1.38985 74 8.60233
1.40315 111 10.5357
1.41645 98 9.89949
1.42975 124 11.1355
1.44305 94 9.69536
1.45635 75 8.66025
1.46965 97 9.84886
1.48295 94 9.69536
1.49625 82 9.05539
1.50955 73 8.544
1.52285 92 9.59166
1.53615 78 8.83176
1.54945 85 9.21954
1.56275 78 8.83176
1.57605 70 8.3666
1.58935 79 8.88819
1.60265 65 8.06226
1.61595 60 7.74597
1.62925 63 7.93725
1.64255 65 8.06226
1.65585 63 7.93725
1.66915 73 8.544
1.68245 70 8.3666
1.69575 49 7
1.70905 63 7.93725
1.72235 40 6.32456
1.73565 62 7.87401
1.74895 54 7.34847
1.76225 60 7.74597
1.77555 55 7.4162
1.78885 48 6.9282
1.80215 50 7.07107
1.81545 57 7.54983
1.82875 34 5.83095
1.84205 54 7.34847
1.85535 44 6.63325
1.86865 39 6.245
1.88195 47 6.85565
1.89525 33 5.74456
1.90855 39 6.245
1.92185 28 5.2915
1.93515 43 6.55744
1.94845 33 5.74456
1.96175 33 5.74456
1.97505 33 5.74456
1.98835 33 5.74456
2.00165 36 6
2.01495 29 5.38516
2.02825 29 5.38516
2.04155 35 5.91608
2.05485 33 5.74456
2.06815 29 5.38516
2.08145 20 4.47214
2.09475 24 4.89898
2.10805 29 5.38516
2.12135 27 5.19615
2.13465 30 5.47723
2.14795 15 3.87298
2.16125 21 4.58258
2.17455 18 4.24264
2.18785 14 3.74166
2.20115 25 5
2.21445 24 4.89898
2.22775 24 4.89898
2.24105 18 4.24264
2.25435 22 4.69042
2.26765 29 5.38516
2.28095 20 4.47214
2.29425 17 4.12311
2.30755 9 3
2.32085 15 3.87298
2.33415 22 4.69042
2.34745 14 3.74166
2.36075 15 3.87298
2.37405 14 3.74166
2.38735 17 4.12311
2.40065 14 3.74166
2.41395 19 4.3589
2.42725 16 4
2.44055 22 4.69042
2.45385 11 3.31662
2.46715 10 3.16228
2.48045 16 4
2.49375 13 3.60555
2.50705 12 3.4641
2.52035 9 3
2.53365 2 1.41421
2.54695 6 2.44949
2.56025 10 3.16228
2.57355 14 3.74166
2.58685 15 3.87298
2.60015 11 3.31662
2.61345 6 2.44949
2.62675 11 3.31662
2.64005 9 3
2.65335 6 2.44949
