-10 0 0
-9.9 0 0
-9.8 0 0
-9.7 0 0
-9.6 0 0
-9.5 0 0
-9.4 0 0
-9.3 0 0
-9.2 0 0
-9.1 0 0
-9 0 0
-8.9 0 0
-8.8 0 0
-8.7 0 0
-8.6 0 0
-8.5 0 0
-8.4 0 0
-8.3 0 0
-8.2 0 0
-8.1 0 0
-8 0 0
-7.9 0 0
-7.8 0 0
-7.7 0 0
-7.6 0 0
-7.5 0 0
-7.4 0 0
-7.3 0 0
-7.2 0 0
-7.1 0 0
-7 0 0
-6.9 0 0
-6.8 0 0
-6.7 0 0
-6.6 0 0
-6.5 0 0
-6.4 0 0
-6.3 0 0
-6.2 0 0
-6.1 0 0
-6 0 0
-5.9 0 0
-5.8 0 0
-5.7 0 0
-5.6 0 0
-5.5 0 0
-5.4 0 0
-5.3 0 0
-5.2 0 0
-5.1 1 1
-5 0 0
-4.9 0 0
-4.8 0 0
-4.7 0 0
-4.6 1 1
-4.5 0 0
-4.4 2 1.41421
-4.3 2 1.41421
-4.2 5 2.23607
-4.1 3 1.73205
-4 2 1.41421
-3.9 2 1.41421
-3.8 8 2.82843
-3.7 4 2
-3.6 13 3.60555
-3.5 10 3.16228
-3.4 9 3
-3.3 14 3.74166
-3.2 17 4.12311
-3.1 18 4.24264
-3 24 4.89898
-2.9 18 4.24264
-2.8 30 5.47723
-2.7 44 6.63325
-2.6 49 7
-2.5 49 7
-2.4 67 8.18535
-2.3 78 8.83176
-2.2 82 9.05539
-2.1 102 10.0995
-2 126 11.225
-1.9 153 12.3693
-1.8 174 13.1909
-1.7 230 15.1658
-1.6 276 16.6132
-1.5 297 17.2337
-1.4 401 20.025
-1.3 470 21.6795
-1.2 505 22.4722
-1.1 640 25.2982
-1 712 26.6833
-0.9 782 27.9643
-0.8 850 29.1548
-0.7 973 31.1929
-0.6 1113 33.3617
-0.5 1247 35.3129
-0.4 1281 35.7911
-0.3 1318 36.3043
-0.2 1394 37.3363
-0.1 1419 37.6696
0 1456 38.1576
0.1 1468 38.3145
0.2 1413 37.5899
0.3 1350 36.7423
0.4 1268 35.609
0.5 1153 33.9559
0.6 1132 33.6452
0.7 951 30.8383
0.8 859 29.3087
0.9 827 28.7576
1 678 26.0384
1.1 586 24.2074
1.2 554 23.5372
1.3 439 20.9523
1.4 380 19.4936
1.5 320 17.8885
1.6 300 17.3205
1.7 217 14.7309
1.8 197 14.0357
1.9 149 12.2066
2 135 11.619
2.1 96 9.79796
2.2 78 8.83176
2.3 81 9
2.4 55 7.4162
2.5 43 6.55744
2.6 42 6.48074
2.7 35 5.91608
2.8 31 5.56776
2.9 11 3.31662
3 12 3.4641
3.1 10 3.16228
3.2 17 4.12311
3.3 14 3.74166
3.4 11 3.31662
3.5 5 2.23607
3.6 4 2
3.7 3 1.73205
3.8 1 1
3.9 6 2.44949
4 2 1.41421
4.1 2 1.41421
4.2 1 1
4.3 4 2
4.4 2 1.41421
4.5 0 0
4.6 1 1
4.7 1 1
4.8 1 1
4.9 0 0
5 0 0
5.1 0 0
5.2 0 0
5.3 0 0
5.4 1 1
5.5 0 0
5.6 0 0
5.7 0 0
5.8 0 0
5.9 0 0
6 0 0
6.1 0 0
6.2 0 0
6.3 0 0
6.4 0 0
6.5 0 0
6.6 0 0
6.7 0 0
6.8 0 0
6.9 0 0
7 0 0
7.1 0 0
7.2 0 0
7.3 0 0
7.4 0 0
7.5 0 0
7.6 0 0
7.7 0 0
7.8 0 0
7.9 0 0
8 0 0
8.1 0 0
8.2 0 0
8.3 0 0
8.4 0 0
8.5 0 0
8.6 0 0
8.7 0 0
8.8 0 0
8.9 0 0
9 0 0
9.1 0 0
9.2 0 0
9.3 0 0
9.4 0 0
9.5 0 0
9.6 0 0
9.7 0 0
9.8 0 0
9.9 0 0
