-10 0 0
-9.9 0 0
-9.8 0 0
-9.7 0 0
-9.6 0 0
-9.5 0 0
-9.4 0 0
-9.3 0 0
-9.2 0 0
-9.1 0 0
-9 0 0
-8.9 0 0
-8.8 0 0
-8.7 0 0
-8.6 0 0
-8.5 0 0
-8.4 0 0
-8.3 0 0
-8.2 0 0
-8.1 0 0
-8 0 0
-7.9 0 0
-7.8 0 0
-7.7 0 0
-7.6 0 0
-7.5 0 0
-7.4 0 0
-7.3 0 0
-7.2 0 0
-7.1 0 0
-7 0 0
-6.9 0 0
-6.8 0 0
-6.7 0 0
-6.6 0 0
-6.5 0 0
-6.4 0 0
-6.3 0 0
-6.2 0 0
-6.1 0 0
-6 0 0
-5.9 0 0
-5.8 0 0
-5.7 0 0
-5.6 0 0
-5.5 0 0
-5.4 0 0
-5.3 0 0
-5.2 0 0
-5.1 0 0
-5 0 0
-4.9 0 0
-4.8 0 0
-4.7 0 0
-4.6 0 0
-4.5 1 1
-4.4 0 0
-4.3 0 0
-4.2 0 0
-4.1 0 0
-4 2 1.41421
-3.9 1 1
-3.8 5 2.23607
-3.7 3 1.73205
-3.6 9 3
-3.5 11 3.31662
-3.4 5 2.23607
-3.3 8 2.82843
-3.2 10 3.16228
-3.1 8 2.82843
-3 18 4.24264
-2.9 17 4.12311
-2.8 22 4.69042
-2.7 19 4.3589
-2.6 22 4.69042
-2.5 36 6
-2.4 37 6.08276
-2.3 57 7.54983
-2.2 56 7.48331
-2.1 74 8.60233
-2 105 10.247
-1.9 99 9.94987
-1.8 129 11.3578
-1.7 167 12.9228
-1.6 212 14.5602
-1.5 215 14.6629
-1.4 261 16.1555
-1.3 353 18.7883
-1.2 379 19.4679
-1.1 481 21.9317
-1 571 23.8956
-0.9 690 26.2679
-0.8 838 28.9482
-0.7 956 30.9192
-0.6 1089 33
-0.5 1374 37.0675
-0.4 1435 37.8814
-0.3 1564 39.5474
-0.2 1651 40.6325
-0.1 1755 41.8927
0 1695 41.1704
0.1 1748 41.8091
0.2 1655 40.6817
0.3 1524 39.0384
0.4 1449 38.0657
0.5 1202 34.6699
0.6 1084 32.9242
0.7 986 31.4006
0.8 844 29.0517
0.9 664 25.7682
1 618 24.8596
1.1 503 22.4277
1.2 421 20.5183
1.3 372 19.2873
1.4 272 16.4924
1.5 258 16.0624
1.6 197 14.0357
1.7 182 13.4907
1.8 143 11.9583
1.9 109 10.4403
2 103 10.1489
2.1 78 8.83176
2.2 48 6.9282
2.3 35 5.91608
2.4 47 6.85565
2.5 26 5.09902
2.6 28 5.2915
2.7 35 5.91608
2.8 21 4.58258
2.9 11 3.31662
3 5 2.23607
3.1 9 3
3.2 10 3.16228
3.3 10 3.16228
3.4 6 2.44949
3.5 3 1.73205
3.6 7 2.64575
3.7 1 1
3.8 3 1.73205
3.9 1 1
4 0 0
4.1 0 0
4.2 0 0
4.3 3 1.73205
4.4 1 1
4.5 0 0
4.6 0 0
4.7 0 0
4.8 0 0
4.9 0 0
5 1 1
5.1 0 0
5.2 0 0
5.3 0 0
5.4 0 0
5.5 0 0
5.6 0 0
5.7 0 0
5.8 0 0
5.9 0 0
6 0 0
6.1 0 0
6.2 0 0
6.3 0 0
6.4 0 0
6.5 0 0
6.6 0 0
6.7 0 0
6.8 0 0
6.9 0 0
7 0 0
7.1 0 0
7.2 0 0
7.3 0 0
7.4 0 0
7.5 0 0
7.6 0 0
7.7 0 0
7.8 0 0
7.9 0 0
8 0 0
8.1 0 0
8.2 0 0
8.3 0 0
8.4 0 0
8.5 0 0
8.6 0 0
8.7 0 0
8.8 0 0
8.9 0 0
9 0 0
9.1 0 0
9.2 0 0
9.3 0 0
9.4 0 0
9.5 0 0
9.6 0 0
9.7 0 0
9.8 0 0
9.9 0 0
