2.5 0.154847 0.00348964
7.5 0.279428 0.00309296
12.5 0.426625 0.00339571
17.5 0.566173 0.00328582
22.5 0.660042 0.00286925
27.5 0.727393 0.00257581
32.5 0.769255 0.00240745
37.5 0.802167 0.00218758
42.5 0.825184 0.00200116
47.5 0.839251 0.00194286
52.5 0.854785 0.00178356
57.5 0.871644 0.0017254
62.5 0.879996 0.00158133
67.5 0.885828 0.00155255
72.5 0.890987 0.00151754
77.5 0.900307 0.00140592
82.5 0.909018 0.00134205
87.5 0.914498 0.00127195
92.5 0.917491 0.00115209
97.5 0.926541 0.00107814
102.5 0.934212 0.00078472
107.5 0.936388 0.000836959
112.5 0.941308 0.000897542
117.5 0.944554 0.000952896
122.5 0.94667 0.00109341
127.5 0.951348 0.00114903
132.5 0.952875 0.00112082
137.5 0.955779 0.00132993
142.5 0.95348 0.00156015
147.5 0.956787 0.00157684
152.5 0.955736 0.0017353
157.5 0.960306 0.00196504
162.5 0.961849 0.0019602
167.5 0.96483 0.00202169
172.5 0.967568 0.00204736
177.5 0.964325 0.0023531
182.5 0.967576 0.00312058
187.5 0.965614 0.00280998
192.5 0.966076 0.00239548
197.5 0.969806 0.00316331
