-1.25 58.1568 0.244921 -1.25 57.5761 0.243695 65.6637 0.260249
-0.9 57.3801 0.38466 -0.9375 58.0299 0.489308 65.8731 0.521327
-0.7 58.5508 0.388564 -0.8125 57.4523 0.486866 66.1454 0.522403
-0.5 57.6405 0.385532 -0.6875 57.3079 0.486254 65.7782 0.520951
-0.35 57.6947 0.54548 -0.5625 58.1619 0.489864 66.5745 0.524095
-0.25 59.0614 0.551903 -0.4375 57.7494 0.488123 66.4673 0.523673
-0.15 59.8298 0.555482 -0.3125 58.2238 0.490125 66.983 0.5257
0 61.0779 0.396861 -0.1875 59.9402 0.497296 66.5415 0.523965
0.15 60.0877 0.556678 0 61.1676 0.355224 66.4796 0.370327
0.25 59.0511 0.551855 0.1875 59.4244 0.495152 66.0712 0.52211
0.35 58.0351 0.547087 0.3125 59.6019 0.495891 66.0835 0.522159
0.5 28.8241 0.27263 0.4375 58.3806 0.490784 66.6323 0.524322
0.7 57.8262 0.386152 0.5625 56.9902 0.484904 66.7932 0.524955
0.9 57.607 0.38542 0.6875 57.2171 0.485869 65.638 0.520396
1.25 57.1676 0.242829 0.8125 57.2378 0.485956 65.8442 0.521213
0 -nan -nan 0.9375 57.5101 0.487111 66.7189 0.524663
0 -nan -nan 1.25 57.3574 0.243232 66.7633 0.262419
