0.1 0.366363 0.0874764 0.430105 0.21667 0.715618 0.565007 0.00595812 1.23553 -38.9844 2.9662
0.3 1.08495 0.153882 1.51277 0.264738 0.741782 0.291665 0.524223 0.393382 -0.0536787 0.721403
0.5 1.12564 0.164913 2.32431 0.282007 0.91961 0.162306 0.573957 0.289045 0.678404 0.32463
0.7 1.61503 0.187179 1.94597 0.253227 0.611646 0.157206 0.193823 0.151838 0.381746 0.301559
0.9 1.39887 0.152337 1.99657 0.2157 0.864449 0.1534 0.459856 0.198249 0.982806 0.425159
1.1 1.01466 0.134741 1.66436 0.180135 0.441978 0.112221 0.370841 0.146076 0.731812 0.331441
1.3 0.657686 0.105872 0.888382 0.14542 0.295669 0.0997834 0.227584 0.120156 0.279167 0.164892
1.5 0.420413 0.0840464 0.33851 0.0938778 0.216349 0.0805805 0.0222872 0.0670655 -0.0471398 0.049347
1.7 0.31275 0.0620699 0.374801 0.0943014 0.195044 0.0856889 0.10641 0.0741853 0.28693 0.15909
1.9 0.527143 0.117269 0.635908 0.15319 0.181537 0.0968644 0.208075 0.135988 1.33447 0.687029
