-1.25 0.14468 0.0108258 -1.25 1.20868 0.0312904 0.596193 0.021976
-0.9 0.443499 0.0299689 -0.9375 1.04658 0.0582331 0.254535 0.0287183
-0.7 1.06015 0.0463349 -0.8125 1.05709 0.0585249 0.259214 0.028981
-0.5 1.7436 0.059422 -0.6875 1.21858 0.0628364 0.162009 0.0229115
-0.35 2.37577 0.0980937 -0.5625 1.30903 0.0651268 -0.00324018 0.00324018
-0.25 3.74938 0.123231 -0.4375 1.84042 0.0772224 0.0162009 0.00724526
-0.15 5.01823 0.142566 -0.3125 2.44633 0.0890312 -0.0648036 0.0144905
0 7.5641 0.123766 -0.1875 4.30047 0.118044 -0.106926 0.0186134
0.15 5.31389 0.146705 0 6.57418 0.103203 -0.165876 0.0163931
0.25 3.27724 0.115211 0.1875 3.989 0.113688 -0.207371 0.0259214
0.35 2.35723 0.0977103 0.3125 2.38624 0.0879308 -0.171729 0.0235889
0.5 0.64196 0.0360561 0.4375 1.88539 0.07816 -0.0162009 0.00724526
0.7 0.82069 0.0407675 0.5625 1.37384 0.0667194 -0.0680437 0.0148484
0.9 0.488052 0.0314382 0.6875 1.29722 0.0648323 0.152288 0.0222135
1.25 0.0571383 0.00680327 0.8125 1.12758 0.0604447 0.112604 0.0191012
0 -nan -nan 0.9375 1.1373 0.0607047 0.259214 0.028981
0 -nan -nan 1.25 1.42236 0.0339437 0.583477 0.0217403
