-1.25 1.47376 0.0466745 -1.25 2.26016 0.0578011 0.886112 0.0361918
-0.9 2.30968 0.0923873 -0.9375 3.0555 0.134412 1.01421 0.0774389
-0.7 3.63267 0.115864 -0.8125 3.71914 0.148292 0.946046 0.0747915
-0.5 5.23282 0.139061 -0.6875 3.84922 0.150863 0.82779 0.069961
-0.35 6.16231 0.213414 -0.5625 4.55192 0.164056 0.839616 0.070459
-0.25 7.32446 0.232669 -0.4375 5.22099 0.1757 1.10569 0.0808561
-0.15 9.40133 0.2636 -0.3125 6.35905 0.193906 1.12343 0.0815021
0 12.1058 0.211511 -0.1875 8.05322 0.218213 1.03474 0.0782188
0.15 9.72265 0.268067 0 10.6814 0.177704 0.919438 0.0521366
0.25 7.2949 0.232199 0.1875 8.22469 0.220524 1.05248 0.0788864
0.35 6.46711 0.218628 0.3125 5.92461 0.187166 1.02291 0.0777706
0.5 2.28012 0.0917941 0.4375 5.085 0.173397 0.875092 0.0719322
0.7 3.32594 0.110865 0.5625 4.68293 0.166401 0.786401 0.0681896
0.9 2.25425 0.0912719 0.6875 4.01478 0.154073 1.07021 0.0795484
1.25 1.28086 0.0435127 0.8125 3.73688 0.148645 0.940133 0.0745574
0 -nan -nan 0.9375 3.34072 0.140545 0.632668 0.0611623
0 -nan -nan 1.25 2.43498 0.0599948 0.739098 0.0330535
