2.5 0.817134 0.00347945
7.5 0.952485 0.00110503
12.5 0.97471 0.000700668
17.5 0.982563 0.000508568
22.5 0.986064 0.000455066
27.5 0.988033 0.000396667
32.5 0.989458 0.000362571
37.5 0.99129 0.000296074
42.5 0.992038 0.000286932
47.5 0.992465 0.000296594
52.5 0.993083 0.000245651
57.5 0.993139 0.000276623
62.5 0.993443 0.000273708
67.5 0.994187 0.000225887
72.5 0.99398 0.000263913
77.5 0.994144 0.000238355
82.5 0.994416 0.00023103
87.5 0.994272 0.000237005
92.5 0.994608 0.000201314
97.5 0.99463 0.000244708
102.5 0.993896 0.000188934
107.5 0.994548 0.000209449
112.5 0.994746 0.000224368
117.5 0.99535 0.000203319
122.5 0.995346 0.000244793
127.5 0.995714 0.000333323
132.5 0.99595 0.000289059
137.5 0.995971 0.000326591
142.5 0.996863 0.000255314
147.5 0.996945 0.000271621
152.5 0.996642 0.000366422
157.5 0.997319 0.000436335
162.5 0.996901 0.000399413
167.5 0.997459 0.000355636
172.5 0.997288 0.000415711
177.5 0.998047 0.000310786
182.5 0.998108 0.000422002
187.5 0.998216 0.000288605
192.5 0.99819 0.000463776
197.5 0.99709 0.000831779
