2.5 0.262155 0.00423221
7.5 0.439644 0.00347438
12.5 0.580784 0.00347677
17.5 0.668598 0.00344645
22.5 0.733149 0.00322715
27.5 0.781146 0.00305699
32.5 0.81221 0.00292869
37.5 0.834327 0.0028439
42.5 0.846984 0.00272455
47.5 0.865791 0.00252185
52.5 0.869842 0.00247332
57.5 0.883327 0.00218221
62.5 0.885518 0.00223541
67.5 0.89513 0.00224912
72.5 0.901085 0.00202544
77.5 0.904788 0.00201543
82.5 0.909946 0.00191935
87.5 0.914904 0.00179662
92.5 0.917216 0.00171946
97.5 0.919393 0.00173876
102.5 0.918359 0.0013497
107.5 0.925129 0.00143475
112.5 0.929512 0.00155771
117.5 0.936521 0.00159935
122.5 0.936904 0.00193001
127.5 0.943308 0.00194704
132.5 0.942775 0.00194158
137.5 0.943036 0.00229065
142.5 0.94735 0.00259991
147.5 0.952037 0.00237437
152.5 0.949464 0.00300901
157.5 0.956291 0.00291988
162.5 0.955803 0.00282175
167.5 0.958846 0.00275573
172.5 0.957337 0.00468064
177.5 0.963009 0.00282161
182.5 0.964888 0.0039539
187.5 0.965858 0.00427908
192.5 0.965842 0.00352268
197.5 0.959742 0.00507024
