-0.9 1.20969 0.397888
-0.7 1.02323 0.199089
-0.5 1.1824 0.147818
-0.3 1.15013 0.0972906
-0.1 0.997153 0.0489197
0.1 0.907484 0.0119088
0.3 1.07685 0.0155692
0.5 1.06193 0.0157902
0.7 0.995013 0.015516
0.9 0.931185 0.0153445
1.1 0.901786 0.0155005
1.3 0.829517 0.0148223
1.5 0.78692 0.0145641
1.7 0.760012 0.0146192
1.9 0.74333 0.014933
2.1 0.724334 0.0150052
2.3 0.67259 0.01507
2.5 0.674086 0.0162557
2.7 0.707897 0.0183748
2.9 0.684117 0.0197402
3.1 0.724907 0.0237571
3.3 0.74469 0.0279759
3.5 0.768455 0.0337707
3.7 0.852041 0.0430171
3.9 0.844094 0.0487789
4.1 0.963819 0.0684506
4.3 0.969378 0.0878015
4.5 0.83045 0.109059
4.7 1.39814 0.266725
4.9 0.818586 0.239657
5.1 1.14602 0.488665
5.3 1.14602 0.935722
5.5 1.14602 1.14602
5.7 1.14602 1.62072
