0.1 0.621564 0.122685 0.978929 0.245859 0.623694 0.616703 -0.0625731 1.23232 -45.797 3.23758
0.3 1.09549 0.208716 1.51525 0.306488 1.03591 0.327867 0.164729 0.368689 0.61192 0.7119
0.5 1.80416 0.239032 1.98061 0.289338 1.04647 0.2605 0.729581 0.198931 0.311022 0.564269
0.7 1.89401 0.238929 2.09242 0.263183 1.4598 0.222396 0.793468 0.25413 0.107005 0.420245
0.9 1.83237 0.202256 1.58574 0.208404 1.54272 0.214946 0.398859 0.194656 1.11047 0.472736
1.1 1.54258 0.169216 0.86895 0.166623 0.791475 0.159281 0.391876 0.184384 1.11976 0.509203
1.3 0.959336 0.126177 0.912728 0.13222 0.534629 0.206493 0.0705143 0.146491 0.517124 0.448535
1.5 0.561439 0.0945174 0.629647 0.122128 0.263225 0.0931704 0.227802 0.178876 0.292453 0.242358
1.7 0.429708 0.0778512 0.271967 0.0893259 0.349311 0.119966 0.262353 0.116418 0.40981 0.218878
1.9 0.69707 0.147521 0.705273 0.184952 0.593 0.160843 0.165072 0.148062 0.375599 0.393486
