-1.25 -0.15256 0.0114239 -1.25 1.00544 0.0293273 0.367836 0.0177386
-0.9 0.00251326 0.00231836 -0.9375 0.796564 0.0522075 0.215569 0.0271591
-0.7 0.440547 0.0306944 -0.8125 0.816662 0.052862 0.0958084 0.0181061
-0.5 1.10183 0.0485423 -0.6875 0.807528 0.0525656 -0.130026 0.0210929
-0.35 2.09153 0.0945823 -0.5625 1.05047 0.0599535 -0.0786997 0.01641
-0.25 3.05683 0.114344 -0.4375 1.46938 0.0709072 -0.116339 0.0199519
-0.15 5.25669 0.149946 -0.3125 2.01703 0.0830766 -0.328486 0.033526
0 7.25257 0.12454 -0.1875 3.67494 0.112137 -0.284003 0.0311734
0.15 5.15825 0.148535 0 6.16082 0.102666 -0.345595 0.0243159
0.25 3.43884 0.121278 0.1875 4.03764 0.11754 -0.246364 0.0290343
0.35 2.33715 0.0999818 0.3125 2.3893 0.0904187 -0.218991 0.0273738
0.5 0.538858 0.0339469 0.4375 1.34816 0.0679194 -0.249786 0.0292353
0.7 0.433727 0.0304559 0.5625 0.941037 0.0567448 -0.147134 0.0224378
0.9 0.0962361 0.014346 0.6875 0.691189 0.0486319 -0.0342173 0.0108205
1.25 -0.214713 0.0135526 0.8125 0.838767 0.0535727 0.0581694 0.0141081
0 -nan -nan 0.9375 0.724758 0.0497989 0.11976 0.0202432
0 -nan -nan 1.25 1.20077 0.0320495 0.384089 0.0181263
