-1.25 -0.391282 0.0202151 -1.25 1.91121 0.0446771 0.759243 0.0281592
-0.9 1.8519 0.0695359 -0.9375 1.61635 0.0821729 0.142037 0.0243591
-0.7 2.24792 0.076611 -0.8125 1.25607 0.0724382 -0.0644363 0.0164069
-0.5 1.88499 0.0701545 -0.6875 1.11521 0.0682557 0.135022 0.02375
-0.35 2.53586 0.115074 -0.5625 1.2617 0.0726004 -0.148407 0.0248993
-0.25 3.72446 0.139459 -0.4375 2.16416 0.0950836 0.178379 0.0272981
-0.15 5.37687 0.167564 -0.3125 2.57987 0.103815 -0.562883 0.048492
0 7.82126 0.142902 -0.1875 3.98615 0.129044 -0.629834 0.0512948
0.15 5.38682 0.167719 0 7.85427 0.128085 -0.585605 0.0349742
0.25 4.11886 0.146658 0.1875 4.05352 0.13013 -0.683387 0.0534311
0.35 4.02857 0.145041 0.3125 2.16732 0.0951529 -0.68572 0.0535222
0.5 0.609426 0.0398897 0.4375 6.05146 0.158998 -0.430337 0.0423999
0.7 0.862488 0.0474545 0.5625 2.0568 0.092695 -0.356548 0.038594
0.9 0.468923 0.0349906 0.6875 1.39554 0.076354 -0.261486 0.033051
1.25 -0.257794 0.0164084 0.8125 1.55468 0.08059 0.139057 0.0241022
0 -nan -nan 0.9375 1.31736 0.0741844 0.118755 0.0222734
0 -nan -nan 1.25 2.02986 0.046043 0.539112 0.0237285
