-1.25 -0.263514 0.023729 -1.25 1.61387 0.0587234 0.538462 0.0339199
-0.9 0.106838 0.0238896 -0.9375 1.08898 0.0964754 0.290598 0.0498372
-0.7 0.950337 0.0712502 -0.8125 1.28205 0.104679 -0.102564 0.0296077
-0.5 1.66402 0.0942814 -0.6875 1.13795 0.0986207 0.128205 0.0331024
-0.35 2.1047 0.149954 -0.5625 1.38112 0.108648 -0.034188 0.017094
-0.25 3.8517 0.202856 -0.4375 1.5274 0.114257 -0.247863 0.046027
-0.15 4.55679 0.220644 -0.3125 2.79275 0.154498 -0.367521 0.0560465
0 7.70346 0.202857 -0.1875 3.97436 0.184306 -0.333333 0.0533761
0.15 5.50645 0.242548 0 6.47694 0.166371 -0.376068 0.040089
0.25 3.45848 0.192223 0.1875 3.88878 0.182311 -0.338339 0.0537753
0.35 2.94281 0.177314 0.3125 2.44991 0.144705 -0.390842 0.0577973
0.5 0.657051 0.0592443 0.4375 1.54701 0.114988 -0.139386 0.0345157
0.7 1.24957 0.081701 0.5625 1.48728 0.112747 -0.119658 0.03198
0.9 0.342815 0.0427934 0.6875 1.11966 0.097825 -0.034188 0.017094
1.25 -0.0619658 0.0115068 0.8125 1.52991 0.114351 -0.042735 0.0191117
0 -nan -nan 0.9375 1.38728 0.10889 0.247863 0.046027
0 -nan -nan 1.25 1.46154 0.0558834 0.495798 0.0325484
