0.1 1.1822 0.0105067
0.3 0.943626 0.0133081
0.5 0.856372 0.0145221
0.7 0.804472 0.0147054
0.9 0.777307 0.0147642
1.1 0.751452 0.0147199
1.3 0.743621 0.0149131
1.5 0.678559 0.0141332
1.7 0.65209 0.0141543
1.9 0.643031 0.0146027
2.1 0.630929 0.0153601
2.3 0.604228 0.015658
2.5 0.590027 0.0170144
2.7 0.599105 0.0187959
2.9 0.596365 0.0213189
3.1 0.631917 0.0253658
3.3 0.697192 0.0317795
3.5 0.657887 0.0366961
3.7 0.690609 0.0436379
3.9 0.736878 0.0579287
4.1 0.710256 0.0710933
4.3 0.742203 0.095286
4.5 0.894362 0.155429
4.7 0.838522 0.226386
4.9 0.913356 0.321704
5.1 1.65274 0.892582
5.3 0.619777 0.536743
