-0.9 1.17069 0.395927
-0.7 1.08461 0.212166
-0.5 1.22972 0.155239
-0.3 1.1818 0.101274
-0.1 0.992753 0.0497885
0.1 0.856899 0.0116859
0.3 1.08433 0.0159782
0.5 1.08329 0.0163683
0.7 1.0186 0.0161398
0.9 0.944401 0.015878
1.1 0.886938 0.0156558
1.3 0.782579 0.0145705
1.5 0.757697 0.0145077
1.7 0.729529 0.0146023
1.9 0.676263 0.0142929
2.1 0.666445 0.0144827
2.3 0.614478 0.0145519
2.5 0.636317 0.0160929
2.7 0.633345 0.0174781
2.9 0.637507 0.0192896
3.1 0.667413 0.0231201
3.3 0.696264 0.0273112
3.5 0.706112 0.0326979
3.7 0.739973 0.0398371
3.9 0.727414 0.0447652
4.1 0.966734 0.0714326
4.3 0.791 0.0790549
4.5 0.808006 0.110703
4.7 1.16518 0.236726
4.9 1.15102 0.313482
5.1 0.901494 0.418889
5.3 0.82637 0.754369
5.5 1.23955 1.23955
