0.02 0 0
0.06 0 0
0.1 0 0
0.14 0 0
0.18 0 0
0.22 0 0
0.26 0 0
0.3 0 0
0.34 0 0
0.38 0 0
0.42 0.00357449 0.00357449
0.46 0.0107235 0.0061912
0.5 0.00714898 0.0050551
0.54 0 0
0.58 0.00714898 0.0050551
0.62 0.00357449 0.00357449
0.66 0.0107235 0.0061912
0.7 0.0178725 0.00799281
0.74 0.0178725 0.00799281
0.78 0.0536174 0.0138439
0.82 0.0929368 0.0182264
0.86 0.3503 0.0353857
0.9 1.32256 0.0687567
0.94 4.09637 0.121006
0.98 8.03188 0.16944
1.02 7.07749 0.159055
1.06 3.12768 0.105735
1.1 0.650558 0.0482225
1.14 0.100086 0.0189144
1.18 0.0107235 0.0061912
1.22 0.00357449 0.00357449
1.26 0 0
1.3 0.00357449 0.00357449
1.34 0 0
1.38 0 0
1.42 0 0
1.46 0 0
1.5 0 0
1.54 0 0
1.58 0 0
1.62 0 0
1.66 0 0
1.7 0 0
1.74 0 0
1.78 0 0
1.82 0 0
1.86 0 0
1.9 0 0
1.94 0 0
1.98 0 0
