0.02 0 0
0.06 0 0
0.1 0 0
0.14 0 0
0.18 0 0
0.22 0 0
0.26 0 0
0.3 0 0
0.34 0 0
0.38 0 0
0.42 0 0
0.46 0 0
0.5 0 0
0.54 0 0
0.58 0 0
0.62 0.0664323 0.00312471
0.66 0.283366 0.00645349
0.7 0.664617 0.00988339
0.74 1.23855 0.013492
0.78 1.69931 0.0158036
0.82 2.07454 0.0174615
0.86 2.38465 0.0187212
0.9 2.53104 0.0192872
0.94 2.51267 0.0192171
0.98 2.36525 0.0186449
1.02 2.10085 0.0175719
1.06 1.76766 0.0161183
1.1 1.4183 0.0144379
1.14 1.10686 0.0127546
1.18 0.818352 0.0109671
1.22 0.556885 0.00904697
1.26 0.353032 0.00720323
1.3 0.22002 0.00568659
1.34 0.144035 0.00460102
1.38 0.0995015 0.00382415
1.42 0.0771614 0.0033676
1.46 0.0702536 0.00321333
1.5 0.0620231 0.00301924
1.54 0.0601124 0.00297237
1.58 0.0502651 0.00271803
1.62 0.0448271 0.00256679
1.66 0.0373314 0.00234238
1.7 0.0318934 0.00216506
1.74 0.0218991 0.00179405
1.78 0.0202824 0.00172655
1.82 0.016902 0.00157612
1.86 0.0132277 0.00139432
1.9 0.00705476 0.00101827
1.94 0.00940634 0.00117579
1.98 0.0714294 0.0032401
