0.02 0 0
0.06 0 0
0.1 0 0
0.14 0 0
0.18 0 0
0.22 0 0
0.26 0 0
0.3 0 0
0.34 0.00609756 0.00609756
0.38 0 0
0.42 0 0
0.46 0.0121951 0.00862325
0.5 0.00609756 0.00609756
0.54 0.0121951 0.00862325
0.58 0.0182927 0.0105613
0.62 0 0
0.66 0.00609756 0.00609756
0.7 0.0304878 0.0136346
0.74 0.0365854 0.0149359
0.78 0.0365854 0.0149359
0.82 0.134146 0.0286001
0.86 0.323171 0.0443909
0.9 1.13415 0.0831596
0.94 4.03049 0.156768
0.98 8.31098 0.225115
1.02 7.68293 0.216442
1.06 2.77439 0.130065
1.1 0.396341 0.0491601
1.14 0.0304878 0.0136346
1.18 0.0121951 0.00862325
1.22 0.00609756 0.00609756
1.26 0 0
1.3 0 0
1.34 0 0
1.38 0 0
1.42 0 0
1.46 0 0
1.5 0 0
1.54 0 0
1.58 0 0
1.62 0 0
1.66 0 0
1.7 0 0
1.74 0 0
1.78 0 0
1.82 0 0
1.86 0 0
1.9 0 0
1.94 0 0
1.98 0 0
