0.02 0 0
0.06 0 0
0.1 0 0
0.14 0 0
0.18 0 0
0.22 0 0
0.26 0 0
0.3 0 0
0.34 0 0
0.38 0 0
0.42 0.00169068 0.000509761
0.46 0.0241307 0.00192584
0.5 0.0624016 0.00309694
0.54 0.107435 0.00406358
0.58 0.166148 0.00505339
0.62 0.316465 0.00697426
0.66 0.541788 0.00912535
0.7 0.923575 0.0119144
0.74 1.56511 0.0155099
0.78 2.2503 0.0185975
0.82 2.8694 0.0210005
0.86 3.05015 0.0216519
0.9 2.21526 0.0184522
0.94 1.24573 0.0138371
0.98 0.746053 0.0107083
1.02 1.01026 0.012461
1.06 1.42479 0.0147982
1.1 1.57418 0.0155547
1.14 1.44907 0.0149238
1.18 1.14183 0.0132475
1.22 0.809992 0.0111577
1.26 0.539482 0.00910591
1.3 0.354736 0.00738393
1.34 0.211489 0.00570137
1.38 0.131412 0.00449421
1.42 0.0786937 0.0034778
1.46 0.0528723 0.00285068
1.5 0.0324304 0.0022326
1.54 0.0216715 0.00182507
1.58 0.0156773 0.00155228
1.62 0.0102978 0.00125808
1.66 0.00691644 0.00103104
1.7 0.00722383 0.0010537
1.74 0.00645534 0.000996081
1.78 0.00353507 0.000737113
1.82 0.00276657 0.000652088
1.86 0.00322767 0.000704335
1.9 0.00292027 0.000669957
1.94 0.00307397 0.000687361
1.98 0.019366 0.00172526
