0.02 0 0
0.06 0 0
0.1 0 0
0.14 0 0
0.18 0 0
0.22 0 0
0.26 0 0
0.3 0 0
0.34 0.00121759 0.000385035
0.38 0.0152198 0.0013613
0.42 0.0182638 0.00149123
0.46 0.0239865 0.00170897
0.5 0.0362841 0.00210188
0.54 0.0506517 0.0024834
0.58 0.0859617 0.00323521
0.62 0.170828 0.00456068
0.66 0.374408 0.00675185
0.7 0.470598 0.00756964
0.74 0.257885 0.00560355
0.78 0.255693 0.00557969
0.82 0.666021 0.00900521
0.86 1.41788 0.0131392
0.9 2.31476 0.0167881
0.94 3.09827 0.0194227
0.98 3.57861 0.0208741
1.02 3.50324 0.0206531
1.06 2.99928 0.0191099
1.1 2.25266 0.0165614
1.14 1.51809 0.0135956
1.18 0.887134 0.0103931
1.22 0.483991 0.0076766
1.26 0.248388 0.0054994
1.3 0.133448 0.00403093
1.34 0.0575919 0.00264808
1.38 0.0289786 0.0018784
1.42 0.0147328 0.00133935
1.46 0.00876663 0.00103316
1.5 0.00365276 0.0006669
1.54 0.00389628 0.000688772
1.58 0.0041398 0.00070997
1.62 0.00280045 0.000583935
1.66 0.00182638 0.00047157
1.7 0.00097407 0.000344386
1.74 0.00170462 0.00045558
1.78 0.00146111 0.000421785
1.82 0.00097407 0.000344386
1.86 0.00097407 0.000344386
1.9 0.00097407 0.000344386
1.94 0.000487035 0.000243518
1.98 0.00328749 0.000632677
