0.02 0 0
0.06 0 0
0.1 0 0
0.14 0 0
0.18 0 0
0.22 0 0
0.26 0 0
0.3 0.000862377 0.000304896
0.34 0.00689902 0.000862377
0.38 0.0127201 0.00117098
0.42 0.0157384 0.00130252
0.46 0.0196191 0.00145426
0.5 0.0273805 0.001718
0.54 0.0372978 0.00200514
0.58 0.0571325 0.00248168
0.62 0.0866689 0.00305658
0.66 0.0465684 0.00224052
0.7 0.0530362 0.00239106
0.74 0.145095 0.00395485
0.78 0.334495 0.0060048
0.82 0.691196 0.00863186
0.86 1.33798 0.0120096
0.9 2.28487 0.015694
0.94 3.30506 0.0188753
0.98 3.99615 0.0207551
1.02 3.96413 0.0206718
1.06 3.33126 0.0189499
1.1 2.36 0.01595
1.14 1.43834 0.0124519
1.18 0.771936 0.00912209
1.22 0.363816 0.00626245
1.26 0.171937 0.00430514
1.3 0.067481 0.00269708
1.34 0.0332015 0.00189183
1.38 0.0145526 0.00125249
1.42 0.00538986 0.000762241
1.46 0.0037729 0.000637737
1.5 0.00269493 0.000538986
1.54 0.00172475 0.000431189
1.58 0.00161696 0.000417497
1.62 0.00107797 0.000340885
1.66 0.00107797 0.000340885
1.7 0.00118577 0.000357523
1.74 0.000970175 0.000323392
1.78 0.00107797 0.000340885
1.82 0.000323392 0.00018671
1.86 0.00075458 0.000285205
1.9 0.000323392 0.00018671
1.94 0.000431189 0.000215594
1.98 0.00215594 0.000482084
