0.02 0 0
0.06 0 0
0.1 0 0
0.14 0 0
0.18 0 0
0.22 0 0
0.26 0.000787228 0.000787228
0.3 0.00236168 0.00136352
0.34 0.00472337 0.00192831
0.38 0.00472337 0.00192831
0.42 0.00236168 0.00136352
0.46 0.0055106 0.00208281
0.5 0.00865951 0.00261094
0.54 0.00629782 0.00222662
0.58 0.0110212 0.00294554
0.62 0.017319 0.00369243
0.66 0.0188935 0.00385661
0.7 0.0338508 0.0051622
0.74 0.0377869 0.00545408
0.78 0.0834462 0.00810501
0.82 0.178701 0.0118608
0.86 0.615612 0.0220143
0.9 1.8492 0.0381542
0.94 4.15499 0.057192
0.98 6.3301 0.070592
1.02 6.11676 0.0693923
1.06 3.60393 0.0532646
1.1 1.38631 0.0330354
1.14 0.40621 0.0178824
1.18 0.0865951 0.00825652
1.22 0.0165318 0.00360753
1.26 0.00629782 0.00222662
1.3 0.00157446 0.00111331
1.34 0.00157446 0.00111331
1.38 0.00157446 0.00111331
1.42 0.000787228 0.000787228
1.46 0.000787228 0.000787228
1.5 0 0
1.54 0 0
1.58 0.000787228 0.000787228
1.62 0 0
1.66 0.000787228 0.000787228
1.7 0.000787228 0.000787228
1.74 0.000787228 0.000787228
1.78 0 0
1.82 0.000787228 0.000787228
1.86 0 0
1.9 0.000787228 0.000787228
1.94 0 0
1.98 0 0
