0.02 0 0
0.06 0 0
0.1 0 0
0.14 0 0
0.18 0 0
0.22 0.000406683 0.000406683
0.26 0 0
0.3 0.00325346 0.00115027
0.34 0.00284678 0.00107598
0.38 0.0105737 0.00207368
0.42 0.00772697 0.00177269
0.46 0.00325346 0.00115027
0.5 0.0093537 0.00195038
0.54 0.0109804 0.00211318
0.58 0.0154539 0.00250696
0.62 0.0126072 0.00226431
0.66 0.0211475 0.00293263
0.7 0.0280611 0.00337816
0.74 0.0496153 0.00449196
0.78 0.120378 0.00699683
0.82 0.305419 0.0111449
0.86 0.784491 0.0178617
0.9 2.06188 0.0289574
0.94 3.97817 0.0402225
0.98 5.73178 0.0482806
1.02 5.54186 0.047474
1.06 3.73985 0.0389991
1.1 1.71986 0.0264469
1.14 0.60067 0.0156295
1.18 0.17406 0.00841352
1.22 0.0447351 0.00426532
1.26 0.00854033 0.00186365
1.3 0.00284678 0.00107598
1.34 0.00162673 0.000813365
1.38 0.00162673 0.000813365
1.42 0.000813365 0.000575136
1.46 0.000813365 0.000575136
1.5 0.00122005 0.000704395
1.54 0 0
1.58 0 0
1.62 0.00122005 0.000704395
1.66 0.000813365 0.000575136
1.7 0.000813365 0.000575136
1.74 0.000406683 0.000406683
1.78 0 0
1.82 0 0
1.86 0 0
1.9 0 0
1.94 0 0
1.98 0.000813365 0.000575136
