0.02 0 0
0.06 0 0
0.1 0 0
0.14 0 0
0.18 0 0
0.22 0.00109161 0.00109161
0.26 0.00109161 0.00109161
0.3 0.00327482 0.00189072
0.34 0.00327482 0.00189072
0.38 0.00218322 0.00154377
0.42 0.00545804 0.00244091
0.46 0.00873286 0.00308753
0.5 0.0120077 0.00362045
0.54 0.00982447 0.00327482
0.58 0.0120077 0.00362045
0.62 0.0141909 0.00393585
0.66 0.0163741 0.00422778
0.7 0.025107 0.00523517
0.74 0.0523972 0.00756288
0.78 0.0818706 0.0094536
0.82 0.184482 0.0141909
0.86 0.592743 0.025437
0.9 1.80115 0.0443413
0.94 4.22889 0.0679433
0.98 6.66863 0.0853202
1.02 6.31495 0.0830268
1.06 3.38835 0.0608173
1.1 1.18003 0.0358905
1.14 0.30565 0.0182661
1.18 0.0600384 0.00809558
1.22 0.0130993 0.00378144
1.26 0.00109161 0.00109161
1.3 0.00327482 0.00189072
1.34 0.00109161 0.00109161
1.38 0.00218322 0.00154377
1.42 0.00109161 0.00109161
1.46 0.00109161 0.00109161
1.5 0 0
1.54 0 0
1.58 0.00109161 0.00109161
1.62 0 0
1.66 0.00109161 0.00109161
1.7 0.00109161 0.00109161
1.74 0 0
1.78 0 0
1.82 0 0
1.86 0 0
1.9 0 0
1.94 0 0
1.98 0 0
