0.02 0 0
0.06 0 0
0.1 0 0
0.14 0 0
0.18 0 0
0.22 0 0
0.26 0 0
0.3 0 0
0.34 0 0
0.38 0 0
0.42 0.00455622 0.00455622
0.46 0 0
0.5 0.0182249 0.00911245
0.54 0 0
0.58 0.0136687 0.00789161
0.62 0.00911245 0.00644347
0.66 0.00911245 0.00644347
0.7 0.0136687 0.00789161
0.74 0.0501185 0.0151113
0.78 0.041006 0.0136687
0.82 0.0683434 0.0176462
0.86 0.350829 0.0399807
0.9 1.31219 0.0773217
0.94 4.03681 0.135619
0.98 8.24677 0.19384
1.02 7.23528 0.181564
1.06 2.87953 0.114542
1.1 0.619646 0.0531342
1.14 0.0637871 0.0170478
1.18 0.0136687 0.00789161
1.22 0 0
1.26 0.00455622 0.00455622
1.3 0 0
1.34 0 0
1.38 0 0
1.42 0 0
1.46 0.00455622 0.00455622
1.5 0 0
1.54 0 0
1.58 0 0
1.62 0 0
1.66 0 0
1.7 0 0
1.74 0 0
1.78 0 0
1.82 0 0
1.86 0 0
1.9 0 0
1.94 0 0
1.98 0.00455622 0.00455622
