0.02 0 0
0.06 0 0
0.1 0 0
0.14 0 0
0.18 0 0
0.22 0 0
0.26 0 0
0.3 0 0
0.34 0 0
0.38 0 0
0.42 0 0
0.46 0 0
0.5 0.00526 0.000902082
0.54 0.0597165 0.00303949
0.58 0.183945 0.00533455
0.62 0.364796 0.0075124
0.66 0.606756 0.00968859
0.7 0.93628 0.0120353
0.74 1.39699 0.0147011
0.78 1.9414 0.0173305
0.82 2.44884 0.0194641
0.86 2.78362 0.0207519
0.9 2.88495 0.0211263
0.94 2.69235 0.0204089
0.98 2.41109 0.0193135
1.02 1.71399 0.0162838
1.06 1.02632 0.0126007
1.1 0.577981 0.00945606
1.14 0.407031 0.00793537
1.18 0.360929 0.00747247
1.22 0.378565 0.00765286
1.26 0.385527 0.00772291
1.3 0.359227 0.00745483
1.34 0.299665 0.00680881
1.38 0.217052 0.00579476
1.42 0.146352 0.00475831
1.46 0.107985 0.00408728
1.5 0.0792094 0.00350059
1.54 0.0464118 0.00267958
1.58 0.03682 0.00238669
1.62 0.0259906 0.00200522
1.66 0.0196476 0.00174345
1.7 0.0134594 0.001443
1.74 0.0103653 0.00126632
1.78 0.0102106 0.00125684
1.82 0.00649765 0.00100261
1.86 0.00572412 0.000941039
1.9 0.00603353 0.000966138
1.94 0.00556941 0.000928235
1.98 0.0374388 0.00240666
