0.02 0 0
0.06 0 0
0.1 0 0
0.14 0 0
0.18 0 0
0.22 0 0
0.26 0 0
0.3 0 0
0.34 0 0
0.38 0 0
0.42 0.0608273 0.0608273
0.46 0 0
0.5 0 0
0.54 0 0
0.58 0 0
0.62 0.0608273 0.0608273
0.66 0.0608273 0.0608273
0.7 0 0
0.74 0 0
0.78 0 0
0.82 0.0608273 0.0608273
0.86 0.304136 0.136014
0.9 0.425791 0.160934
0.94 3.64964 0.471166
0.98 10.6448 0.804669
1.02 8.0292 0.698852
1.06 1.52068 0.304136
1.1 0.182482 0.105356
1.14 0 0
1.18 0 0
1.22 0 0
1.26 0 0
1.3 0 0
1.34 0 0
1.38 0 0
1.42 0 0
1.46 0 0
1.5 0 0
1.54 0 0
1.58 0 0
1.62 0 0
1.66 0 0
1.7 0 0
1.74 0 0
1.78 0 0
1.82 0 0
1.86 0 0
1.9 0 0
1.94 0 0
1.98 0 0
