0.02 0 0
0.06 0 0
0.1 0 0
0.14 0 0
0.18 0 0
0.22 0 0
0.26 0.00105237 0.000470636
0.3 0.00399902 0.000917439
0.34 0.00547235 0.00107322
0.38 0.0103133 0.00147332
0.42 0.012839 0.00164386
0.46 0.0170485 0.00189427
0.5 0.0050514 0.00103111
0.54 0.00547235 0.00107322
0.58 0.0130494 0.00165728
0.62 0.0172589 0.00190593
0.66 0.025257 0.00230564
0.7 0.0319922 0.00259491
0.74 0.0705091 0.00385232
0.78 0.159119 0.0057871
0.82 0.396535 0.00913568
0.86 1.01828 0.0146397
0.9 2.16642 0.0213536
0.94 3.7012 0.0279108
0.98 5.04487 0.0325856
1.02 5.06192 0.0326406
1.06 3.66226 0.0277635
1.1 2.08938 0.0209705
1.14 0.952399 0.0141583
1.18 0.351072 0.00859604
1.22 0.117235 0.00496739
1.26 0.0364122 0.00276837
1.3 0.0109447 0.00151776
1.34 0.00357807 0.00086781
1.38 0.00210475 0.00066558
1.42 0.0008419 0.00042095
1.46 0 0
1.5 0.0008419 0.00042095
1.54 0.00147332 0.000556864
1.58 0.00042095 0.000297656
1.62 0.000210475 0.000210475
1.66 0.00042095 0.000297656
1.7 0.00042095 0.000297656
1.74 0.000210475 0.000210475
1.78 0.000631425 0.000364553
1.82 0 0
1.86 0.000210475 0.000210475
1.9 0 0
1.94 0.00042095 0.000297656
1.98 0.0008419 0.00042095
