0.1 0.565698 0.185098 0.775615 0.283192 0.866849 0.379695 0.599418 0.83393 -31.315 3.27514 0.165351 0.113016 -28.5074 3.41769 -28.5074
0.3 0.682244 0.310445 0.86036 0.470788 -0.183523 0.408662 0.85079 0.2176 0.460603 0.328206 0.0893676 0.200351 2.67047 0.800056 -25.8369
0.5 1.7216 0.396335 2.16427 0.554755 0.581894 0.412952 0.603063 0.193326 0.854723 0.301377 0.218532 0.241991 5.92555 0.873823 -19.9114
0.7 1.3776 0.492344 0.399745 0.576001 0.646883 0.46735 0.354837 0.183442 0.444446 0.198268 0.20764 0.2696 3.22351 0.930353 -16.6879
0.9 1.57378 0.458819 1.35376 0.620574 0.515732 0.458004 0.0772541 0.142162 0.673785 0.235505 0.0519023 0.29142 4.19431 0.938652 -12.4936
1.1 0.600606 0.442648 1.55852 0.652927 0.570662 0.476648 0.286729 0.133033 0.981033 0.421404 0.575416 0.30164 3.99755 1.02212 -8.496
1.3 0.596871 0.451008 0.281487 0.612524 0.621595 0.513008 0.0582828 0.153627 0.332478 0.204696 0.119108 0.310455 1.89071 0.952509 -6.60529
1.5 -0.29972 0.462759 -0.0560293 0.57195 -0.16251 0.471836 -0.0776497 0.132707 -0.00097835 0.0606174 0.307557 0.269727 -0.596888 0.886108 -7.20218
1.7 1.36729 0.434632 -0.395617 0.599903 1.25268 0.477387 0.032235 0.11287 0.151029 0.106688 0.196874 0.26483 2.40761 0.894879 -4.79456
1.9 0.484703 0.868846 2.72674 1.06346 0.573873 0.916603 0.235568 0.17762 0.355692 0.196614 0.270092 0.543267 4.37658 1.67218 -0.417984
