-1.25 57.8289 0.240537 -1.25 57.6638 0.240193 66.3572 0.257663
-0.9 56.8109 0.376959 -0.9375 58.065 0.482054 66.5773 0.516181
-0.7 57.2861 0.378533 -0.8125 57.4887 0.479656 66.5053 0.515901
-0.5 58.1741 0.381455 -0.6875 57.5288 0.479823 65.4807 0.511912
-0.35 57.6988 0.537251 -0.5625 57.6408 0.48029 66.1571 0.514549
-0.25 58.7344 0.542051 -0.4375 58.029 0.481905 66.4732 0.515777
-0.15 59.8999 0.547403 -0.3125 58.097 0.482187 66.3732 0.515389
0 61.1306 0.391028 -0.1875 59.6818 0.48872 66.9135 0.517482
0.15 59.6348 0.54619 0 61.5888 0.351054 66.5093 0.364808
0.25 58.7494 0.54212 0.1875 59.0415 0.486091 65.5368 0.512131
0.35 58.1141 0.539181 0.3125 58.4172 0.483514 65.973 0.513833
0.5 28.3492 0.266286 0.4375 56.9885 0.477565 66.6013 0.516274
0.7 58.0965 0.381201 0.5625 58.009 0.481822 66.2851 0.515047
0.9 57.5638 0.379449 0.6875 56.044 0.473591 65.8369 0.513302
1.25 57.0865 0.238988 0.8125 57.5008 0.479706 67.0575 0.518039
0 -nan -nan 0.9375 57.7449 0.480723 66.5173 0.515948
0 -nan -nan 1.25 57.7699 0.240414 66.1801 0.257319
