-1.25 57.6515 0.323467 -1.25 58.1071 0.324742 66.2341 0.346709
-0.9 57.8221 0.512202 -0.9375 58.3521 0.650852 66.9546 0.697179
-0.7 57.6497 0.511438 -0.8125 58.5336 0.651864 66.7005 0.695855
-0.5 58.7432 0.516265 -0.6875 59.0998 0.655009 65.7858 0.691067
-0.35 58.0762 0.725953 -0.5625 58.6425 0.65247 67.6225 0.700648
-0.25 58.5209 0.728727 -0.4375 58.3521 0.650852 66.1779 0.693123
-0.15 62.1506 0.750986 -0.3125 58.8603 0.65368 65.1543 0.687742
0 62.7314 0.533503 -0.1875 60.0653 0.660338 65.6044 0.690114
0.15 61.5245 0.747194 0 62.2541 0.475361 66.5699 0.491562
0.25 58.775 0.730307 0.1875 60.4428 0.66241 65.8657 0.691487
0.35 58.539 0.72884 0.3125 57.9528 0.648622 65.118 0.687551
0.5 29.1062 0.363402 0.4375 58.2069 0.650042 65.7713 0.690991
0.7 57.8993 0.512544 0.5625 57.539 0.646302 65.5971 0.690075
0.9 58.0127 0.513045 0.6875 57.6624 0.646995 66.9111 0.696953
1.25 57.5227 0.323105 0.8125 58.0109 0.648947 67.8621 0.701888
0 -nan -nan 0.9375 58.4102 0.651176 66.6207 0.695439
0 -nan -nan 1.25 57.9564 0.324321 66.0272 0.346167
