-1.25 57.5276 0.325191 -1.25 57.1765 0.324197 66.3382 0.349207
-0.9 57.1829 0.51263 -0.9375 58.3529 0.655031 65.7279 0.695193
-0.7 57.9044 0.515854 -0.8125 57.1029 0.647977 66.4412 0.698955
-0.5 57.9412 0.516017 -0.6875 57.4412 0.649894 65.6029 0.694532
-0.35 58.3272 0.732186 -0.5625 57.8897 0.652426 67.8824 0.706495
-0.25 58.2169 0.731493 -0.4375 59.3529 0.66062 66.7647 0.700655
-0.15 59.6507 0.740446 -0.3125 56.6618 0.645469 65.9485 0.696359
0 61.5671 0.531918 -0.1875 58.875 0.657955 66.1544 0.697445
0.15 60.9743 0.748616 0 61.6213 0.475972 66.3162 0.493771
0.25 57.2151 0.725172 0.1875 58.9632 0.658448 66.2426 0.69791
0.35 57.4265 0.72651 0.3125 58.1397 0.653833 66.7132 0.700385
0.5 28.4099 0.361331 0.4375 57.6029 0.650808 66.3897 0.698684
0.7 58.0285 0.516406 0.5625 58.2059 0.654205 65.8529 0.695854
0.9 57.9688 0.51614 0.6875 57.1397 0.648186 66.8088 0.700886
1.25 56.6103 0.322588 0.8125 57.9706 0.652882 67.0809 0.702312
0 -nan -nan 0.9375 57.1324 0.648144 66.3235 0.698336
0 -nan -nan 1.25 57.875 0.326172 66.568 0.349811
