0.1 0.520784 0.110785 0.598191 0.23172 0.171911 0.619626 -2.74925 1.17279 -44.7138 3.2397
0.3 0.862375 0.219898 1.90411 0.360067 1.06716 0.363939 0.366606 0.321238 1.07139 0.650956
0.5 1.89051 0.216319 2.66491 0.372173 0.927726 0.19997 0.418549 0.248014 0.606908 0.664192
0.7 1.83449 0.235671 2.62538 0.341295 0.573923 0.162563 0.478065 0.199815 0.118125 0.211347
0.9 1.83592 0.203245 2.3723 0.301734 0.735012 0.17411 0.728623 0.302079 1.16116 0.49334
1.1 0.768166 0.862896 2.00702 0.220332 0.613361 0.124403 0.378441 0.175504 1.23514 0.471279
1.3 1.0113 0.20695 1.03116 0.155497 0.405111 0.132199 0.256396 0.151728 0.522833 0.282442
1.5 0.657755 0.103341 0.690036 0.137254 0.151354 0.0656596 0.165857 0.10188 0.0657452 0.195145
1.7 0.442878 0.0820911 0.409565 0.107089 0.136122 0.0748779 0.13954 0.112785 0.125936 0.0970905
1.9 0.646352 0.126782 0.774724 0.184372 0.188011 0.0977782 0.0372175 0.0646886 0.497472 0.415854
