-1.25 -0.0487219 0.00686771 -1.25 2.34701 0.0476658 0.627813 0.0246527
-0.9 0.278377 0.0259559 -0.9375 4.27491 0.12866 0.179461 0.0263612
-0.7 0.840204 0.0450933 -0.8125 1.23376 0.0691188 -0.0387222 0.012245
-0.5 2.14917 0.0721199 -0.6875 1.3936 0.0734597 -0.0968054 0.0193611
-0.35 2.73455 0.115048 -0.5625 1.29832 0.0709041 -0.24516 0.0308109
-0.25 3.38199 0.127944 -0.4375 1.49947 0.0761988 -0.212972 0.0287171
-0.15 5.14999 0.157884 -0.3125 2.23678 0.0930662 -0.254358 0.0313836
0 8.15474 0.140483 -0.1875 4.53237 0.132478 -0.515005 0.0446566
0.15 5.46958 0.162709 0 6.39301 0.111254 -0.398043 0.0277606
0.25 3.26049 0.125625 0.1875 3.91521 0.123128 -0.345948 0.0366004
0.35 6.41317 0.176186 0.3125 2.43281 0.0970585 -0.322328 0.0353288
0.5 0.759161 0.0428634 0.4375 2.1693 0.0916515 -0.309777 0.0346342
0.7 1.03435 0.0500328 0.5625 1.49067 0.075975 -0.251694 0.0312188
0.9 0.709629 0.0414415 0.6875 1.35515 0.0724393 0.151016 0.024182
1.25 -0.0927683 0.00947654 0.8125 2.01465 0.0883241 0.0385955 0.012225
0 -nan -nan 0.9375 2.24038 0.093141 0.219513 0.0291548
0 -nan -nan 1.25 1.83578 0.0421561 0.565562 0.0233986
