0.02 0 0
0.06 0 0
0.1 0 0
0.14 0 0
0.18 0 0
0.22 0 0
0.26 0 0
0.3 0 0
0.34 0 0
0.38 0 0
0.42 0 0
0.46 0 0
0.5 0 0
0.54 0 0
0.58 0 0
0.62 0 0
0.66 0 0
0.7 0 0
0.74 0.00906049 0.0011697
0.78 0.232553 0.00592599
0.82 0.589083 0.00943166
0.86 0.99605 0.0122642
0.9 1.36723 0.0143688
0.94 1.72421 0.016136
0.98 2.06564 0.0176615
1.02 2.17452 0.018121
1.06 2.1043 0.017826
1.1 1.96628 0.0172315
1.14 1.81965 0.0165765
1.18 1.61971 0.0156394
1.22 1.46961 0.0148971
1.26 1.21818 0.013563
1.3 1.06717 0.0126946
1.34 0.899404 0.0116541
1.38 0.735259 0.0105371
1.42 0.597539 0.00949912
1.46 0.49274 0.00862599
1.5 0.398963 0.00776188
1.54 0.299298 0.00672283
1.58 0.218811 0.00574824
1.62 0.160975 0.00493036
1.66 0.125035 0.00434526
1.7 0.0895478 0.00367729
1.74 0.0779202 0.00343025
1.78 0.0685577 0.00321757
1.82 0.0588932 0.00298217
1.86 0.0397151 0.00244894
1.9 0.0302016 0.00213558
1.94 0.0282385 0.00206501
1.98 0.255657 0.00621339
