0.02 0 0
0.06 0 0
0.1 0 0
0.14 0 0
0.18 0 0
0.22 0 0
0.26 0.00150141 0.00150141
0.3 0.00450423 0.00260052
0.34 0.00300282 0.00212332
0.38 0.00300282 0.00212332
0.42 0.00150141 0.00150141
0.46 0.00300282 0.00212332
0.5 0.00600565 0.00300282
0.54 0.0150141 0.00474788
0.58 0.0120113 0.00424663
0.62 0.0165155 0.00497962
0.66 0.0225212 0.00581494
0.7 0.025524 0.00619048
0.74 0.0615579 0.00961372
0.78 0.0915861 0.0117264
0.82 0.297279 0.0211267
0.86 0.837788 0.0354664
0.9 2.17705 0.057172
0.94 4.17092 0.0791345
0.98 5.92457 0.0943144
1.02 5.66633 0.092236
1.06 3.53132 0.0728146
1.1 1.4924 0.0473361
1.14 0.47895 0.0268161
1.18 0.121614 0.0135127
1.22 0.0225212 0.00581494
1.26 0.00600565 0.00300282
1.3 0.00150141 0.00150141
1.34 0 0
1.38 0.00150141 0.00150141
1.42 0 0
1.46 0.00150141 0.00150141
1.5 0 0
1.54 0.00150141 0.00150141
1.58 0 0
1.62 0 0
1.66 0 0
1.7 0 0
1.74 0 0
1.78 0 0
1.82 0 0
1.86 0 0
1.9 0 0
1.94 0 0
1.98 0 0
