0.02 0 0
0.06 0 0
0.1 0 0
0.14 0 0
0.18 0 0
0.22 0.000294294 0.000294294
0.26 0.000882883 0.000509733
0.3 0.00235435 0.00083239
0.34 0.00470871 0.00117718
0.38 0.00559159 0.0012828
0.42 0.0126547 0.00192982
0.46 0.00618018 0.00134863
0.5 0.00647447 0.00138036
0.54 0.0123604 0.00190724
0.58 0.0182462 0.00231728
0.62 0.020012 0.00242681
0.66 0.0341381 0.00316965
0.7 0.0526787 0.00393739
0.74 0.118601 0.00590792
0.78 0.272516 0.00895545
0.82 0.604186 0.0133345
0.86 1.26959 0.0193296
0.9 2.352 0.0263093
0.94 3.64219 0.0327395
0.98 4.50594 0.0364153
1.02 4.43354 0.0361215
1.06 3.48503 0.0320254
1.1 2.24282 0.0256914
1.14 1.1242 0.0181892
1.18 0.480582 0.0118925
1.22 0.18158 0.00731012
1.26 0.067982 0.00447288
1.3 0.0258979 0.00276072
1.34 0.00647447 0.00138036
1.38 0.00294294 0.00093064
1.42 0.00176577 0.000720871
1.46 0.000882883 0.000509733
1.5 0 0
1.54 0.000294294 0.000294294
1.58 0.000588588 0.000416195
1.62 0.000588588 0.000416195
1.66 0.000588588 0.000416195
1.7 0.000294294 0.000294294
1.74 0.000294294 0.000294294
1.78 0.000294294 0.000294294
1.82 0.000588588 0.000416195
1.86 0.000294294 0.000294294
1.9 0.000294294 0.000294294
1.94 0 0
1.98 0.000588588 0.000416195
