0.02 0 0
0.06 0 0
0.1 0 0
0.14 0 0
0.18 0.00201304 0.00201304
0.22 0 0
0.26 0 0
0.3 0 0
0.34 0 0
0.38 0 0
0.42 0.00603913 0.0034867
0.46 0.00805218 0.00402609
0.5 0.00805218 0.00402609
0.54 0.0140913 0.00532602
0.58 0.00805218 0.00402609
0.62 0.0140913 0.00532602
0.66 0.0140913 0.00532602
0.7 0.0181174 0.00603913
0.74 0.044287 0.00944202
0.78 0.100652 0.0142344
0.82 0.310009 0.0249812
0.86 0.811257 0.0404116
0.9 2.12578 0.0654162
0.94 4.06434 0.0904527
0.98 6.09349 0.110754
1.02 5.95861 0.109521
1.06 3.53088 0.0843079
1.1 1.40511 0.053184
1.14 0.374426 0.0274543
1.18 0.0603913 0.0110259
1.22 0.0201304 0.00636581
1.26 0.00402609 0.00284687
1.3 0 0
1.34 0 0
1.38 0 0
1.42 0.00402609 0.00284687
1.46 0 0
1.5 0 0
1.54 0 0
1.58 0 0
1.62 0 0
1.66 0 0
1.7 0 0
1.74 0 0
1.78 0 0
1.82 0 0
1.86 0 0
1.9 0 0
1.94 0 0
1.98 0 0
