0.02 0 0
0.06 0 0
0.1 0 0
0.14 0 0
0.18 0 0
0.22 0 0
0.26 0 0
0.3 0.000970681 0.00032356
0.34 0.00754974 0.000902367
0.38 0.0148838 0.00126699
0.42 0.0146681 0.00125778
0.46 0.0259927 0.00167434
0.5 0.0328953 0.00188358
0.54 0.0550053 0.00243567
0.58 0.0970681 0.0032356
0.62 0.143337 0.00393185
0.66 0.0726932 0.00280004
0.7 0.0866063 0.00305627
0.74 0.239974 0.00508744
0.78 0.524168 0.00751886
0.82 0.971652 0.010237
0.86 1.56053 0.0129734
0.9 2.28218 0.0156889
0.94 2.92682 0.017767
0.98 3.32749 0.0189442
1.02 3.35834 0.0190318
1.06 2.96446 0.0178809
1.1 2.30634 0.0157717
1.14 1.63053 0.0132612
1.18 1.05459 0.010665
1.22 0.619834 0.00817626
1.26 0.340925 0.00606382
1.3 0.167712 0.00425304
1.34 0.0819686 0.00297331
1.38 0.0399058 0.0020746
1.42 0.0188744 0.00142677
1.46 0.0104618 0.00106223
1.5 0.00539267 0.000762639
1.54 0.00377487 0.00063807
1.58 0.00248063 0.000517247
1.62 0.00129424 0.000373615
1.66 0.00140209 0.000388871
1.7 0.000647121 0.000264186
1.74 0.00129424 0.000373615
1.78 0.000862828 0.000305056
1.82 0.000647121 0.000264186
1.86 0.000431414 0.000215707
1.9 0.000215707 0.000152528
1.94 0.00032356 0.000186808
1.98 0.00280419 0.000549947
