0.02 0 0
0.06 0 0
0.1 0 0
0.14 0 0
0.18 0 0
0.22 0 0
0.26 0.00210549 0.000665816
0.3 0.00336879 0.000842197
0.34 0.00421099 0.000941605
0.38 0.00884307 0.00136452
0.42 0.0124224 0.00161726
0.46 0.017265 0.00190661
0.5 0.00463209 0.000987564
0.54 0.00610593 0.00113384
0.58 0.0157912 0.00182341
0.62 0.0254765 0.00231604
0.66 0.0336879 0.00266326
0.7 0.0684285 0.00379573
0.74 0.122961 0.00508816
0.78 0.306139 0.00802853
0.82 0.654177 0.0117361
0.86 1.32078 0.016676
0.9 2.33289 0.0221628
0.94 3.46396 0.0270062
0.98 4.27036 0.0299854
1.02 4.26531 0.0299676
1.06 3.44796 0.0269437
1.1 2.28657 0.0219416
1.14 1.28161 0.0164269
1.18 0.605119 0.0112875
1.22 0.265503 0.00747673
1.26 0.104222 0.00468443
1.3 0.0421099 0.00297762
1.34 0.012633 0.00163091
1.38 0.00568483 0.00109405
1.42 0.00210549 0.000665816
1.46 0.00168439 0.000595524
1.5 0.00105275 0.000470803
1.54 0.00168439 0.000595524
1.58 0.000210549 0.000210549
1.62 0.000210549 0.000210549
1.66 0.000210549 0.000210549
1.7 0.000210549 0.000210549
1.74 0.000421099 0.000297762
1.78 0 0
1.82 0.000210549 0.000210549
1.86 0 0
1.9 0.000421099 0.000297762
1.94 0.000421099 0.000297762
1.98 0.000842197 0.000421099
