2.5 0.622283 0.00469383
7.5 0.840953 0.00238551
12.5 0.903637 0.00187844
17.5 0.929612 0.0016792
22.5 0.94446 0.00150951
27.5 0.955053 0.00134325
32.5 0.957401 0.00145033
37.5 0.964557 0.00124795
42.5 0.968183 0.0011718
47.5 0.970426 0.00120564
52.5 0.970979 0.0011377
57.5 0.972911 0.00109784
62.5 0.974596 0.00104018
67.5 0.975484 0.00101394
72.5 0.975183 0.0011055
77.5 0.977243 0.000884916
82.5 0.977402 0.000945246
87.5 0.978261 0.000952506
92.5 0.977827 0.000837154
97.5 0.977846 0.00092731
102.5 0.976416 0.000712157
107.5 0.977783 0.000814678
112.5 0.97981 0.000789129
117.5 0.982658 0.000841149
122.5 0.983076 0.0010403
127.5 0.982902 0.00109738
132.5 0.985689 0.000876716
137.5 0.985129 0.00126577
142.5 0.985468 0.00113077
147.5 0.987984 0.000988518
152.5 0.989126 0.00102039
157.5 0.989026 0.00141498
162.5 0.989489 0.00122504
167.5 0.993137 0.000815707
172.5 0.991486 0.00127494
177.5 0.98956 0.00184577
182.5 0.990767 0.00225924
187.5 0.99099 0.00147526
192.5 0.990032 0.00203692
197.5 0.990913 0.00252902
