-1.25 -0.222816 0.0199293 -1.25 0.99287 0.0420692 0.322638 0.0239815
-0.9 -0.0222816 0.00996465 -0.9375 0.720143 0.0716569 0.121212 0.0293983
-0.7 0.129234 0.0239981 -0.8125 0.620321 0.0665054 0.0213904 0.0123497
-0.5 1.13191 0.0710222 -0.6875 0.905526 0.0803524 -0.0285205 0.0142602
-0.35 1.87166 0.129157 -0.5625 0.934046 0.081608 -0.121212 0.0293983
-0.25 3.14617 0.167454 -0.4375 1.08378 0.0879061 -0.142602 0.0318869
-0.15 4.55437 0.201473 -0.3125 2.00357 0.119523 -0.270945 0.043953
0 6.77362 0.17374 -0.1875 3.1943 0.150916 -0.149733 0.0326743
0.15 4.83066 0.207495 0 5.96078 0.145776 -0.313725 0.0334432
0.25 3.15508 0.167691 0.1875 3.29412 0.153256 -0.363636 0.0509193
0.35 1.80927 0.126986 0.3125 2.00357 0.119523 -0.185383 0.0363566
0.5 0.365419 0.0403538 0.4375 0.955437 0.0825372 -0.178253 0.0356506
0.7 0.35205 0.0396087 0.5625 1.01961 0.0852639 -0.0784314 0.0236479
0.9 0.0980392 0.020902 0.6875 0.905526 0.0803524 -0.0998217 0.0266785
1.25 -0.284905 0.0225356 0.8125 0.655971 0.0683898 0.142602 0.0318869
0 -nan -nan 0.9375 0.620321 0.0665054 0.235294 0.0409594
0 -nan -nan 1.25 0.966132 0.0414989 0.317291 0.0237819
