0.025 14.8404 0.16413 12.8958 0.17949
0.075 3.07072 0.102536 3.73338 0.104445
0.125 1.06279 0.0523944 1.42643 0.0550809
0.175 0.520962 0.0327908 0.834273 0.0329391
0.225 0.307219 0.0175476 0.652598 0.0255915
0.275 0.19788 0.00949511 0.457473 0.0167298
0.325 0.160074 0.00962418 0.530442 0.0271164
0.375 0.157467 0.0108 0.545241 0.0264238
0.425 0.124321 0.0108576 0.534906 0.0242183
0.475 0.122471 0.00876237 0.533229 0.0236654
0.55 0.0960909 0.00651897 0.525043 0.0198631
0.65 0.0879547 0.00657546 0.563294 0.0228
0.75 0.0900219 0.00738606 0.521239 0.0187407
0.9 0.072319 0.00618591 0.491945 0.0174744
