17.5 1.09934 0.000714742
22.5 0.973422 0.00049173
27.5 0.938857 0.000428153
32.5 0.949827 0.000409631
37.5 0.973799 0.000342735
42.5 0.982588 0.000282284
47.5 0.98551 0.000255714
52.5 0.988412 0.000252101
57.5 0.987843 0.00027469
62.5 0.986996 0.000321727
67.5 0.986206 0.000366927
72.5 0.986718 0.00041741
77.5 0.9867 0.00048592
82.5 0.986024 0.0005748
87.5 0.986753 0.000631127
92.5 0.986011 0.000794812
97.5 0.985584 0.00089063
102.5 0.985624 0.00102543
107.5 0.986853 0.00115007
112.5 0.98448 0.00139096
117.5 0.986751 0.00151772
122.5 0.982151 0.00191565
127.5 0.983782 0.00215347
132.5 0.986108 0.00208972
137.5 0.984079 0.00268029
142.5 0.981631 0.0033013
147.5 0.988082 0.00312754
152.5 0.986827 0.00314459
157.5 0.98006 0.00456037
162.5 0.989165 0.00287665
167.5 0.994142 0.00178465
172.5 0.993448 0.0035544
177.5 0.980827 0.00594212
182.5 1.00183 0.00200186
187.5 0.993884 0.00248764
192.5 0.992482 0.00729726
197.5 0.994247 0.00236537
202.5 0.995749 0.00299173
207.5 0.996954 0.00243863
212.5 0.981957 0.0114919
217.5 1.00307 0.00317806
222.5 0.988788 0.00375284
227.5 0.975643 0.0194268
232.5 0.999123 0.00345782
237.5 0.996717 0.00379161
242.5 0.997079 0.00705062
247.5 0.99495 0.00356156
252.5 0.999625 0.00531467
257.5 0.999341 0.00372445
262.5 0.997275 0.00465612
267.5 1.00165 0.00566307
272.5 0.985713 0.00907761
277.5 0.999906 0.0103756
282.5 0.906226 0.0690552
287.5 0.957945 0.0527622
292.5 1.00302 0.00101491
297.5 0.991221 0.00500523
