2.5 0.23451 0.0039902
7.5 0.454601 0.0030766
12.5 0.650907 0.00244188
17.5 0.755211 0.00191318
22.5 0.80957 0.00162655
27.5 0.846483 0.00143068
32.5 0.869926 0.0013461
37.5 0.890036 0.00122868
42.5 0.902382 0.0011274
47.5 0.910495 0.00109861
52.5 0.919664 0.00100143
57.5 0.92658 0.000957529
62.5 0.931097 0.000933992
67.5 0.935791 0.000874408
72.5 0.939102 0.000844641
77.5 0.943612 0.000786372
82.5 0.947881 0.000766809
87.5 0.950943 0.000717584
92.5 0.954028 0.000653422
97.5 0.957458 0.000634832
102.5 0.962148 0.000438991
107.5 0.96439 0.000481906
112.5 0.966231 0.000524948
117.5 0.969336 0.000530921
122.5 0.96947 0.000614164
127.5 0.971588 0.000644419
132.5 0.973597 0.000663933
137.5 0.972607 0.000786083
142.5 0.974156 0.000860306
147.5 0.976789 0.00080032
152.5 0.975175 0.000998485
157.5 0.978135 0.00107167
162.5 0.979523 0.00101777
167.5 0.979833 0.00112466
172.5 0.980631 0.00117171
177.5 0.98134 0.00121796
182.5 0.979506 0.00135162
187.5 0.979528 0.00176493
192.5 0.980564 0.00124649
197.5 0.983929 0.00164287
