5 0.0126611 0.00119105 0.0533333 0.00244453 0.094902 0.00326087 0.0856022 0.00309698 0.072605 0.0028522 0.0462745 0.00227702
15 0.0414566 0.00215523 0.139608 0.00395504 0.0908683 0.00319082 0.0538936 0.00245733 0.0342857 0.00195998 0.00537815 0.000776269
25 0.0788796 0.00297288 0.0993838 0.00333698 0.0414566 0.00215523 0.0209524 0.00153219 0.00672269 0.000867895 0.000112045 0.000112045
35 0.094902 0.00326087 0.0626331 0.0026491 0.0231933 0.00161204 0.0106443 0.00109208 0.00156863 0.000419233 0 0
45 0.0858263 0.00310103 0.0385434 0.00207812 0.014902 0.00129216 0.00403361 0.000672269 0 0 0 0
55 0.0891877 0.00316117 0.0263305 0.00171761 0.00672269 0.000867895 0.000896359 0.000316911 0.000112045 0.000112045 0 0
65 0.0942297 0.0032493 0.0187115 0.00144794 0.00302521 0.000582202 0.000336134 0.000194067 0 0 0 0
75 0.0993838 0.00333698 0.0104202 0.00108052 0.00112045 0.000354317 0 0 0 0 0 0
85 0.125042 0.00374303 0.00526611 0.000768141 0.000672269 0.000274453 0 0 0 0 0 0
95 0.450644 0.0071058 0.00504202 0.000751619 0.000672269 0.000274453 0 0 0 0 0 0
