-1.25 -0.260101 0.0226165 -1.25 1.40786 0.0526179 0.53884 0.0325525
-0.9 0.106373 0.0228686 -0.9375 1.06195 0.0913978 0.173058 0.0368961
-0.7 0.631674 0.0557277 -0.8125 0.818092 0.0802206 0.00786627 0.00786627
-0.5 1.6175 0.0891758 -0.6875 1.46091 0.1072 -0.0159292 0.0111939
-0.35 2.43854 0.154848 -0.5625 1.32153 0.101959 -0.102262 0.0283623
-0.25 3.59882 0.188113 -0.4375 1.59685 0.112077 -0.212389 0.0408744
-0.15 5.74238 0.237621 -0.3125 2.706 0.145898 -0.141593 0.0333738
0 7.66398 0.194112 -0.1875 4.14553 0.180582 -0.534907 0.064867
0.15 5.90634 0.24099 0 6.67977 0.162088 -0.294985 0.034062
0.25 3.55541 0.186975 0.1875 3.99994 0.177383 -0.259587 0.0451883
0.35 3.15367 0.176095 0.3125 2.39444 0.137242 -0.196657 0.0393314
0.5 0.660353 0.0569787 0.4375 2.16109 0.130383 -0.0786627 0.0248753
0.7 0.599803 0.0543036 0.5625 1.19567 0.0969819 -0.0943953 0.0272496
0.9 0.0688299 0.0183956 0.6875 0.904621 0.0843564 -0.102262 0.0283623
1.25 -0.237955 0.0216323 0.8125 1.00384 0.0888623 0.0393314 0.0175895
0 -nan -nan 0.9375 0.818092 0.0802206 0.259587 0.0451883
0 -nan -nan 1.25 1.65935 0.0571247 0.523107 0.0320738
