0.1 1.14344 0.0100089
0.3 0.967146 0.013202
0.5 0.867895 0.0139845
0.7 0.858344 0.0150337
0.9 0.814075 0.0148682
1.1 0.798501 0.0149574
1.3 0.768511 0.0146902
1.5 0.742908 0.0145611
1.7 0.725494 0.0147699
1.9 0.726599 0.0154162
2.1 0.713655 0.0160188
2.3 0.682126 0.0166941
2.5 0.72209 0.0187537
2.7 0.740939 0.0213172
2.9 0.793365 0.0250743
3.1 0.846703 0.0303771
3.3 0.885388 0.0360307
3.5 1.00806 0.0473505
3.7 0.99217 0.0551163
3.9 1.11015 0.0754497
4.1 1.04685 0.0909968
4.3 1.13549 0.131118
4.5 1.50461 0.237538
4.7 1.20244 0.261008
4.9 1.45 0.468235
5.1 2.98788 1.43034
5.3 1.3072 0.727257
