2.5 0.172836 0.00363586
7.5 0.306463 0.00328813
12.5 0.435435 0.00367957
17.5 0.530669 0.00395869
22.5 0.604651 0.00402845
27.5 0.668839 0.00403509
32.5 0.712613 0.0039952
37.5 0.746847 0.0039064
42.5 0.765335 0.00382191
47.5 0.793486 0.00363809
52.5 0.800776 0.00350836
57.5 0.820131 0.00327882
62.5 0.825164 0.00328722
67.5 0.83966 0.00327664
72.5 0.848213 0.00298228
77.5 0.854907 0.00296375
82.5 0.863382 0.00282831
87.5 0.870333 0.00267421
92.5 0.874952 0.00252743
97.5 0.878274 0.00256267
102.5 0.876656 0.00198246
107.5 0.886581 0.00210833
112.5 0.893314 0.0022943
117.5 0.903968 0.00235481
122.5 0.904783 0.00283605
127.5 0.914459 0.00284863
132.5 0.913716 0.00284677
137.5 0.914472 0.00338241
142.5 0.920597 0.00381209
147.5 0.927605 0.0035632
152.5 0.92411 0.00437985
157.5 0.934211 0.00431555
162.5 0.933745 0.00405946
167.5 0.938309 0.00404841
172.5 0.935265 0.00695465
177.5 0.94364 0.00427727
182.5 0.947037 0.00580704
187.5 0.94816 0.00634415
192.5 0.949122 0.00508926
197.5 0.939894 0.00752407
