2.5 0.513563 0.00444761
7.5 0.788312 0.00176185
12.5 0.8762 0.001076
17.5 0.912301 0.000843992
22.5 0.932277 0.000706853
27.5 0.943615 0.000645716
32.5 0.951621 0.000596275
37.5 0.959217 0.000534566
42.5 0.964333 0.000500559
47.5 0.966597 0.000482392
52.5 0.96987 0.000442796
57.5 0.972602 0.000423217
62.5 0.974356 0.000409086
67.5 0.975972 0.000387015
72.5 0.977622 0.000379049
77.5 0.979012 0.000351834
82.5 0.980224 0.000344268
87.5 0.981245 0.000325993
92.5 0.982392 0.000296766
97.5 0.984059 0.000283757
102.5 0.985518 0.000198608
107.5 0.986644 0.000212656
112.5 0.986844 0.000235371
117.5 0.988269 0.000235759
122.5 0.988276 0.000270632
127.5 0.989366 0.000283498
132.5 0.990002 0.000299965
137.5 0.989889 0.00034916
142.5 0.990801 0.000347144
147.5 0.990986 0.000394482
152.5 0.990814 0.000460155
157.5 0.991778 0.000498085
162.5 0.9917 0.000529528
167.5 0.991996 0.000481065
172.5 0.992411 0.000569492
177.5 0.993494 0.000451016
182.5 0.992843 0.000845119
187.5 0.992914 0.000642381
192.5 0.994556 0.00071995
197.5 0.993077 0.000662704
