-1.25 0.341007 0.300383 -1.25 0.831495 0.614408 0.0712579 0.0267525
-0.9 0.659131 0.517021 -0.9375 1.12922 0.813663 0.330494 0.182779
-0.7 1.11984 0.840411 -0.8125 1.30441 0.937348 0.652941 0.367215
-0.5 1.72941 1.3642 -0.6875 1.54973 1.06179 1.07209 0.699807
-0.35 2.34502 1.89026 -0.5625 1.71584 1.26261 1.43902 0.972523
-0.25 2.88081 2.34501 -0.4375 1.85464 1.37793 1.74704 1.19821
-0.15 3.62359 2.96762 -0.3125 2.11897 1.76526 1.624 0.94754
0 4.25129 3.76149 -0.1875 2.7463 2.41457 1.52704 1.01947
0.15 3.56917 3.00676 0 3.53429 3.24687 1.59886 1.01653
0.25 2.79676 2.33789 0.1875 2.76499 2.47896 1.45105 0.976441
0.35 2.40575 1.8525 0.3125 2.12439 1.82785 1.47172 0.906408
0.5 0.77442 0.562066 0.4375 1.80499 1.46399 0.4608 0.243369
0.7 1.08459 0.851365 0.5625 1.65443 1.14938 0.621532 0.382051
0.9 0.649607 0.525976 0.6875 1.56408 1.10699 0.302606 0.173004
1.25 0.311958 0.257025 0.8125 1.41898 0.984173 0.0429933 -0.015956
0 0 0 0.9375 1.19267 0.832086 -0.0423757 -0.624291
0 0 0 1.25 0.80748 0.622778 -0.0423757 -0.624291
