1 0.933824 0.0338289 0.807188 0.0214583 0.669164 0.0138868 0.558624 0.0108928 0.416377 0.00873347 0.387607 0.00774903
3 0.0661765 0.00900548 0.180262 0.0101406 0.278674 0.00896156 0.320093 0.00824556 0.353361 0.0080455 0.234082 0.00602193
5 0 0 0.0119795 0.00261413 0.0463977 0.00365665 0.100255 0.00461461 0.16743 0.00553809 0.210689 0.00571312
7 0 0 0.000570451 0.000570451 0.00576369 0.0012888 0.018904 0.00200382 0.0461623 0.00290795 0.109373 0.00411629
9 0 0 0 0 0 0 0.00169924 0.00060077 0.0131892 0.00155437 0.0426026 0.00256904
11 0 0 0 0 0 0 0.000424809 0.000300385 0.00274776 0.000709468 0.0116189 0.00134164
13 0 0 0 0 0 0 0 0 0.000732735 0.000366367 0.00356313 0.000742964
15 0 0 0 0 0 0 0 0 0 0 0.000464756 0.000268327
17 0 0 0 0 0 0 0 0 0 0 0 0
19 0 0 0 0 0 0 0 0 0 0 0 0
21 0 0 0 0 0 0 0 0 0 0 0 0
23 0 0 0 0 0 0 0 0 0 0 0 0
25 0 0 0 0 0 0 0 0 0 0 0 0
27 0 0 0 0 0 0 0 0 0 0 0 0
29 0 0 0 0 0 0 0 0 0 0 0 0
31 0 0 0 0 0 0 0 0 0 0 0 0
33 0 0 0 0 0 0 0 0 0 0 0 0
35 0 0 0 0 0 0 0 0 0 0 0 0
37 0 0 0 0 0 0 0 0 0 0 0 0
39 0 0 0 0 0 0 0 0 0 0 0 0
41 0 0 0 0 0 0 0 0 0 0 0 0
43 0 0 0 0 0 0 0 0 0 0 0 0
45 0 0 0 0 0 0 0 0 0 0 0 0
47 0 0 0 0 0 0 0 0 0 0 0 0
49 0 0 0 0 0 0 0 0 0 0 0 0
