5 0.009394 0.000930144 0.0342605 0.00177632 0.0477989 0.00209814 0.0523117 0.00219495 0.0551667 0.00225405 0.0376681 0.00186257
15 0.0315896 0.00170568 0.087401 0.00283716 0.0806778 0.00272585 0.0629029 0.00240691 0.0482593 0.00210822 0.00874931 0.00089766
25 0.0570087 0.00229137 0.0859274 0.00281314 0.0531405 0.00221227 0.0364708 0.00183273 0.0129858 0.0010936 0.00046049 0.000205937
35 0.0697182 0.00253395 0.0678762 0.00250025 0.0315896 0.00170568 0.0155646 0.00119727 0.00276294 0.000504441 9.2098e-05 9.2098e-05
45 0.0724811 0.00258367 0.0483514 0.00211023 0.0205379 0.00137532 0.00543378 0.000707418 0.000184196 0.000130246 9.2098e-05 9.2098e-05
55 0.0739547 0.0026098 0.0398784 0.00191644 0.0110518 0.00100888 0.00174986 0.000401446 0 0 0 0
65 0.0818751 0.002746 0.0275373 0.00159252 0.00349972 0.00056773 0.000184196 0.000130246 0 0 0 0
75 0.0971634 0.00299141 0.0164855 0.00123219 0.00211825 0.000441686 0.000184196 0.000130246 0 0 0 0
85 0.122398 0.00335747 0.00810462 0.000863956 0.00101308 0.000305454 0 0 0 0 0 0
95 0.455148 0.00647443 0.00736784 0.000823749 0.000368392 0.000184196 9.2098e-05 9.2098e-05 0 0 0 0
