17.5 5962.03 12266.8 3117
22.5 3368.6 5911.32 2068
27.5 1773.3 2755.73 1227
32.5 988.114 1471 710
37.5 591.667 813.096 457
42.5 351.019 464.679 277
47.5 215.512 279.249 173
52.5 115.356 139.345 98
57.5 57.466 72.2734 47
62.5 43.1908 51.6303 38
67.5 31.4074 35.8632 28
72.5 24.9779 30.0251 21
77.5 12.4145 15.5675 10
82.5 6.56141 7.34006 6
87.5 5.39763 5.91316 5
92.5 2.4435 3.02041 2
97.5 0.922557 0.851112 1
102.5 2.16509 2.34478 2
107.5 2.53118 3.20418 2
112.5 1.24881 1.55954 1
117.5 3.53371 4.19978 3
122.5 3.56487 4.31883 3
127.5 0 0 0
132.5 0 0 0
137.5 0 0 0
142.5 0 0 0
147.5 0 0 0
152.5 0 0 0
157.5 0 0 0
162.5 0 0 0
167.5 0 0 0
172.5 0 0 0
177.5 1.08099 1.16854 1
182.5 0 0 0
187.5 0 0 0
192.5 0 0 0
197.5 0 0 0
202.5 0 0 0
207.5 0 0 0
212.5 0 0 0
217.5 0 0 0
222.5 0 0 0
227.5 0 0 0
232.5 0 0 0
237.5 0 0 0
242.5 0 0 0
247.5 0 0 0
252.5 0 0 0
257.5 0 0 0
262.5 0 0 0
267.5 0 0 0
272.5 0 0 0
277.5 0 0 0
282.5 0 0 0
287.5 0 0 0
292.5 0 0 0
297.5 0 0 0
