17.5 6085.79 10870.5 3616
22.5 3485.41 5299.96 2431
27.5 1844.47 2508.98 1443
32.5 982.58 1286.74 795
37.5 589.072 742.589 491
42.5 332.662 403.263 285
47.5 204.114 241.368 178
52.5 108.869 122.082 99
57.5 53.4289 62.4601 47
62.5 40.3137 44.4771 38
67.5 29.872 32.3487 28
72.5 23.2831 26.0612 21
77.5 11.1087 12.5276 10
82.5 6.28348 6.63764 6
87.5 5.29689 5.65785 5
92.5 2.32297 2.70216 2
97.5 1.01485 1.02993 1
102.5 2.13161 2.27952 2
107.5 2.34539 2.76407 2
112.5 1.15065 1.32399 1
117.5 3.31386 3.67129 3
122.5 3.24952 3.54766 3
127.5 0 0 0
132.5 0 0 0
137.5 0 0 0
142.5 0 0 0
147.5 0 0 0
152.5 0 0 0
157.5 0 0 0
162.5 0 0 0
167.5 0 0 0
172.5 0 0 0
177.5 1.06484 1.13388 1
182.5 0 0 0
187.5 0 0 0
192.5 0 0 0
197.5 0 0 0
202.5 0 0 0
207.5 0 0 0
212.5 0 0 0
217.5 0 0 0
222.5 0 0 0
227.5 0 0 0
232.5 0 0 0
237.5 0 0 0
242.5 0 0 0
247.5 0 0 0
252.5 0 0 0
257.5 0 0 0
262.5 0 0 0
267.5 0 0 0
272.5 0 0 0
277.5 0 0 0
282.5 0 0 0
287.5 0 0 0
292.5 0 0 0
297.5 0 0 0
