17.5 2340.73 3256.46 1721
22.5 1914.92 2235.85 1684
27.5 1067.42 1138.81 1027
32.5 595.574 613.903 591
37.5 363.944 377.013 359
42.5 229.45 234.335 228
47.5 126.204 126.775 128
52.5 54.4698 54.0871 56
57.5 38.031 38.3915 38
62.5 26.2385 25.6865 27
67.5 20.0667 20.1874 20
72.5 15.2499 15.5831 15
77.5 10.3718 10.803 10
82.5 2.92641 2.85836 3
87.5 4.04242 4.09927 4
92.5 0 0 0
97.5 2.04493 2.09124 2
102.5 0 0 0
107.5 1.98987 1.9809 2
112.5 2.99525 2.9913 3
117.5 3.00886 3.01923 3
122.5 1.06283 1.1296 1
127.5 0 0 0
132.5 0 0 0
137.5 0 0 0
142.5 0 0 0
147.5 0 0 0
152.5 0 0 0
157.5 0 0 0
162.5 0 0 0
167.5 0 0 0
172.5 1.05352 1.10991 1
177.5 0 0 0
182.5 0 0 0
187.5 0 0 0
192.5 0 0 0
197.5 0 0 0
202.5 0 0 0
207.5 0 0 0
212.5 0 0 0
217.5 0 0 0
222.5 0 0 0
227.5 0 0 0
232.5 0 0 0
237.5 0 0 0
242.5 0 0 0
247.5 0 0 0
252.5 0 0 0
257.5 0 0 0
262.5 0 0 0
267.5 0 0 0
272.5 0 0 0
277.5 0 0 0
282.5 0 0 0
287.5 0 0 0
292.5 0 0 0
297.5 0 0 0
