17.5 321.949 6260.66 17
22.5 50952.6 1.08766e+06 2475
27.5 35093.7 872049 1474
32.5 24587.7 719353 878
37.5 14698.8 509324 439
42.5 10005.8 402435 256
47.5 7028.37 308180 163
52.5 3776.85 190224 76
57.5 2203.08 117187 42
62.5 1974.1 119277 33
67.5 1760.01 115695 27
72.5 766.624 53559.9 11
77.5 523.36 39265.6 7
82.5 700.162 54665.2 9
87.5 256.284 21950.5 3
92.5 0 0 0
97.5 279.35 26051.9 3
102.5 105.892 11213.2 1
107.5 107.364 11527 1
112.5 225.819 25497.3 2
117.5 464.916 54048.8 4
122.5 0 0 0
127.5 120.1 14424 1
132.5 0 0 0
137.5 0 0 0
142.5 0 0 0
147.5 0 0 0
152.5 0 0 0
157.5 0 0 0
162.5 0 0 0
167.5 0 0 0
172.5 0 0 0
177.5 0 0 0
182.5 171.042 29255.5 1
187.5 0 0 0
192.5 0 0 0
197.5 0 0 0
202.5 0 0 0
207.5 0 0 0
212.5 0 0 0
217.5 0 0 0
222.5 0 0 0
227.5 0 0 0
232.5 0 0 0
237.5 0 0 0
242.5 0 0 0
247.5 0 0 0
252.5 0 0 0
257.5 0 0 0
262.5 0 0 0
267.5 0 0 0
272.5 0 0 0
277.5 0 0 0
282.5 0 0 0
287.5 0 0 0
292.5 0 0 0
297.5 0 0 0
