17.5 623.189 11690.3 34
22.5 38489.3 797966 1935
27.5 43290.4 969819 2040
32.5 39018.1 949546 1707
37.5 32984.1 866292 1345
42.5 24622.8 732119 902
47.5 18005.9 604699 587
52.5 13464.1 505989 387
57.5 9516.09 406255 240
62.5 6244.93 286634 144
67.5 3480.59 187196 67
72.5 2222.61 132218 39
77.5 1567.77 108584 23
82.5 1262.2 82348.8 20
87.5 650.583 48192.1 9
92.5 517.365 38574.3 7
97.5 271.353 24612.7 3
102.5 430.354 37424.4 5
107.5 0 0 0
112.5 191.97 18470 2
117.5 229.157 26335.4 2
122.5 219.431 19414 3
127.5 237.443 28213.9 2
132.5 114.385 13083.9 1
137.5 107.758 11611.8 1
142.5 118.509 14044.4 1
147.5 121.449 14749.9 1
152.5 0 0 0
157.5 0 0 0
162.5 0 0 0
167.5 0 0 0
172.5 0 0 0
177.5 0 0 0
182.5 0 0 0
187.5 0 0 0
192.5 178.629 31908.5 1
197.5 0 0 0
202.5 0 0 0
207.5 0 0 0
212.5 0 0 0
217.5 0 0 0
222.5 0 0 0
227.5 0 0 0
232.5 0 0 0
237.5 0 0 0
242.5 0 0 0
247.5 0 0 0
252.5 0 0 0
257.5 0 0 0
262.5 0 0 0
267.5 0 0 0
272.5 0 0 0
277.5 0 0 0
282.5 0 0 0
287.5 0 0 0
292.5 0 0 0
297.5 0 0 0
