17.5 258.062 4850.23 14
22.5 20304.1 425042 1015
27.5 27607.8 610169 1322
32.5 28756.2 677097 1303
37.5 30147.5 753392 1303
42.5 24222.3 650071 977
47.5 21763.9 652951 802
52.5 16790.1 552148 563
57.5 12233.5 447583 374
62.5 9196.7 368279 250
67.5 6772.48 315881 155
72.5 3624.67 178091 80
77.5 2206.89 123951 42
82.5 1761.46 107148 30
87.5 1176.92 77354.3 19
92.5 1213.29 86046.3 18
97.5 642.888 52054.3 8
102.5 193.29 12828.6 3
107.5 344.127 29902 4
112.5 176.817 15932.5 2
117.5 0 0 0
122.5 91.3082 8337.18 1
127.5 240.851 29011 2
132.5 209.097 17068.8 3
137.5 347.125 40262.7 3
142.5 114.385 13083.9 1
147.5 0 0 0
152.5 115.226 13277 1
157.5 0 0 0
162.5 0 0 0
167.5 0 0 0
172.5 121.449 14749.9 1
177.5 0 0 0
182.5 0 0 0
187.5 0 0 0
192.5 178.629 31908.5 1
197.5 0 0 0
202.5 0 0 0
207.5 0 0 0
212.5 0 0 0
217.5 0 0 0
222.5 0 0 0
227.5 0 0 0
232.5 0 0 0
237.5 0 0 0
242.5 0 0 0
247.5 0 0 0
252.5 0 0 0
257.5 0 0 0
262.5 0 0 0
267.5 0 0 0
272.5 0 0 0
277.5 0 0 0
282.5 0 0 0
287.5 0 0 0
292.5 0 0 0
297.5 0 0 0
