2.5 0.579061 0.00447769
7.5 0.826718 0.00166107
12.5 0.897031 0.00101425
17.5 0.925879 0.000797194
22.5 0.942979 0.000670966
27.5 0.952057 0.000615769
32.5 0.958574 0.000570431
37.5 0.965083 0.000510732
42.5 0.969267 0.000479038
47.5 0.971197 0.000464291
52.5 0.973932 0.000425643
57.5 0.976153 0.000410744
62.5 0.977531 0.000396154
67.5 0.979007 0.00037832
72.5 0.980498 0.000367828
77.5 0.981595 0.000344254
82.5 0.98262 0.00033644
87.5 0.983477 0.000318114
92.5 0.984398 0.000291039
97.5 0.985913 0.000274807
102.5 0.987151 0.00019474
107.5 0.988098 0.000209133
112.5 0.988263 0.000230075
117.5 0.989584 0.000233714
122.5 0.989479 0.000266634
127.5 0.99054 0.000280229
132.5 0.991201 0.000293825
137.5 0.991099 0.000346943
142.5 0.991865 0.000336551
147.5 0.992074 0.000391528
152.5 0.991699 0.000448751
157.5 0.992696 0.000481468
162.5 0.992723 0.000515687
167.5 0.992892 0.000472672
172.5 0.993283 0.000558784
177.5 0.994299 0.000460517
182.5 0.993816 0.000809853
187.5 0.993834 0.00062254
192.5 0.99529 0.000716985
197.5 0.993765 0.000645873
