17.5 6136.05 11008.8 3622
22.5 3493.4 5323.47 2443
27.5 1850.18 2512.36 1445
32.5 983.414 1275.35 804
37.5 548.413 680.469 463
42.5 303.182 364.667 262
47.5 164.375 191.299 146
52.5 98.0909 116.012 85
57.5 56.9445 64.2445 52
62.5 52.6164 60.3401 47
67.5 29.7948 33.3039 27
72.5 14.7076 16.8392 13
77.5 9.94644 11.2878 9
82.5 7.83176 8.87977 7
87.5 6.21411 6.51827 6
92.5 2.0565 2.12409 2
97.5 0.830495 0.689721 1
102.5 2.14561 2.32322 2
107.5 2.2808 2.61783 2
112.5 4.02996 4.06149 4
117.5 0 0 0
122.5 0 0 0
127.5 0 0 0
132.5 0 0 0
137.5 0.9955 0.99102 1
142.5 0 0 0
147.5 0 0 0
152.5 0 0 0
157.5 0 0 0
162.5 0 0 0
167.5 0 0 0
172.5 0 0 0
177.5 0 0 0
182.5 0 0 0
187.5 0 0 0
192.5 0 0 0
197.5 0 0 0
202.5 0 0 0
207.5 0 0 0
212.5 0 0 0
217.5 0 0 0
222.5 0 0 0
227.5 0 0 0
232.5 0 0 0
237.5 0 0 0
242.5 0 0 0
247.5 0 0 0
252.5 0 0 0
257.5 0 0 0
262.5 0 0 0
267.5 0 0 0
272.5 0 0 0
277.5 0 0 0
282.5 0 0 0
287.5 0 0 0
292.5 0 0 0
297.5 0 0 0
