17.5 4666.49 7266.63 3115
22.5 2945.1 3861.56 2348
27.5 1621.76 1911.07 1437
32.5 881.485 997.964 812
37.5 503.238 551.037 476
42.5 275.885 298.307 263
47.5 152.706 163.473 146
52.5 89.6192 96.4834 85
57.5 53.0482 55.2557 52
62.5 49.4179 51.7073 48
67.5 27.8771 29.0464 27
72.5 13.6703 14.4898 13
77.5 9.586 10.3757 9
82.5 7.39251 7.89926 7
87.5 5.99706 6.02801 6
92.5 2.07587 2.15586 2
97.5 0.907292 0.823179 1
102.5 2.12192 2.25827 2
107.5 2.05105 2.10834 2
112.5 3.97979 3.96312 4
117.5 0 0 0
122.5 0 0 0
127.5 0 0 0
132.5 0 0 0
137.5 0.99649 0.992992 1
142.5 0 0 0
147.5 0 0 0
152.5 0 0 0
157.5 0 0 0
162.5 0 0 0
167.5 0 0 0
172.5 0 0 0
177.5 0 0 0
182.5 0 0 0
187.5 0 0 0
192.5 0 0 0
197.5 0 0 0
202.5 0 0 0
207.5 0 0 0
212.5 0 0 0
217.5 0 0 0
222.5 0 0 0
227.5 0 0 0
232.5 0 0 0
237.5 0 0 0
242.5 0 0 0
247.5 0 0 0
252.5 0 0 0
257.5 0 0 0
262.5 0 0 0
267.5 0 0 0
272.5 0 0 0
277.5 0 0 0
282.5 0 0 0
287.5 0 0 0
292.5 0 0 0
297.5 0 0 0
