17.5 2378.57 3333.55 1738
22.5 1891.23 2213.92 1660
27.5 1115.31 1183.89 1077
32.5 576.855 599.247 572
37.5 362.203 373.437 359
42.5 163.019 165.738 163
47.5 97.5053 98.1649 98
52.5 66.685 67.4813 67
57.5 38.6496 38.6966 39
62.5 30.7884 31.7924 30
67.5 18.1878 17.6962 19
72.5 11.3778 11.8231 11
77.5 8.8084 8.69024 9
82.5 3.09002 3.18406 3
87.5 6.09213 6.20071 6
92.5 3.09392 3.21065 3
97.5 0 0 0
102.5 1.01458 1.02937 1
107.5 2.06192 2.12585 2
112.5 1.96023 1.92641 2
117.5 0 0 0
122.5 0 0 0
127.5 0 0 0
132.5 0 0 0
137.5 0.95831 0.918357 1
142.5 0 0 0
147.5 0 0 0
152.5 0 0 0
157.5 0 0 0
162.5 0 0 0
167.5 0 0 0
172.5 0 0 0
177.5 0 0 0
182.5 0 0 0
187.5 0 0 0
192.5 0 0 0
197.5 0 0 0
202.5 0 0 0
207.5 0 0 0
212.5 0 0 0
217.5 0 0 0
222.5 0 0 0
227.5 0 0 0
232.5 0 0 0
237.5 0 0 0
242.5 0 0 0
247.5 0 0 0
252.5 0 0 0
257.5 0 0 0
262.5 0 0 0
267.5 0 0 0
272.5 0 0 0
277.5 0 0 0
282.5 0 0 0
287.5 0 0 0
292.5 0 0 0
297.5 0 0 0
