17.5 5960.08 12483.2 3072
22.5 3328.21 5792.11 2069
27.5 1812.35 2836.65 1246
32.5 978.383 1428 718
37.5 571.503 787.151 438
42.5 307.958 399.303 249
47.5 174.084 222.105 142
52.5 104.041 135.337 83
57.5 57.3927 66.9982 51
62.5 54.5764 66.4456 46
67.5 30.85 36.0908 27
72.5 15.8938 19.8585 13
77.5 10.5181 12.4497 9
82.5 8.1308 9.62069 7
87.5 6.43343 7.02845 6
92.5 2.31389 2.69471 2
97.5 0.855839 0.732461 1
102.5 2.23318 2.50616 2
107.5 2.44272 2.99569 2
112.5 4.10991 4.24415 4
117.5 0 0 0
122.5 0 0 0
127.5 0 0 0
132.5 0 0 0
137.5 0.946147 0.895195 1
142.5 0 0 0
147.5 0 0 0
152.5 0 0 0
157.5 0 0 0
162.5 0 0 0
167.5 0 0 0
172.5 0 0 0
177.5 0 0 0
182.5 0 0 0
187.5 0 0 0
192.5 0 0 0
197.5 0 0 0
202.5 0 0 0
207.5 0 0 0
212.5 0 0 0
217.5 0 0 0
222.5 0 0 0
227.5 0 0 0
232.5 0 0 0
237.5 0 0 0
242.5 0 0 0
247.5 0 0 0
252.5 0 0 0
257.5 0 0 0
262.5 0 0 0
267.5 0 0 0
272.5 0 0 0
277.5 0 0 0
282.5 0 0 0
287.5 0 0 0
292.5 0 0 0
297.5 0 0 0
