17.5 452.823 8310.29 25
22.5 38333.7 804550 1908
27.5 43941.9 976771 2083
32.5 40348.1 975339 1783
37.5 32685.6 874949 1316
42.5 22969.1 670766 853
47.5 18230.7 602250 598
52.5 11936 440047 352
57.5 8039.96 345110 202
62.5 5171.06 236668 121
67.5 3735.76 193142 77
72.5 2344.27 142510 40
77.5 1740.39 104533 30
82.5 1181.89 84568.6 17
87.5 633.52 46036.4 9
92.5 377.269 29026 5
97.5 711.445 57356.5 9
102.5 397.933 32204.9 5
107.5 163.087 13301.2 2
112.5 442.812 49048.9 4
117.5 112.816 12727.5 1
122.5 103.193 10648.8 1
127.5 0 0 0
132.5 108.997 11880.4 1
137.5 136.172 18542.8 1
142.5 0 0 0
147.5 0 0 0
152.5 0 0 0
157.5 0 0 0
162.5 0 0 0
167.5 0 0 0
172.5 0 0 0
177.5 0 0 0
182.5 0 0 0
187.5 0 0 0
192.5 0 0 0
197.5 0 0 0
202.5 0 0 0
207.5 0 0 0
212.5 0 0 0
217.5 0 0 0
222.5 0 0 0
227.5 0 0 0
232.5 0 0 0
237.5 0 0 0
242.5 0 0 0
247.5 0 0 0
252.5 0 0 0
257.5 0 0 0
262.5 0 0 0
267.5 0 0 0
272.5 0 0 0
277.5 0 0 0
282.5 0 0 0
287.5 0 0 0
292.5 0 0 0
297.5 0 0 0
