17.5 843.192 16198 45
22.5 56849.7 1.20905e+06 2785
27.5 50972.9 1.18645e+06 2310
32.5 37015.7 972142 1501
37.5 27451.1 842315 953
42.5 17135.9 594223 529
47.5 11423.5 446078 308
52.5 6717.64 296360 159
57.5 4696.68 238374 96
62.5 2923.38 164483 53
67.5 2394.68 142499 41
72.5 1927.02 125267 30
77.5 877.816 65163.8 12
82.5 660.64 49228.1 9
87.5 482.281 39205.9 6
92.5 507.791 43112.6 6
97.5 260.181 22660.3 3
102.5 289.269 28285.2 3
107.5 223.44 24965.1 2
112.5 113.934 12981 1
117.5 323.851 34997.4 3
122.5 0 0 0
127.5 0 0 0
132.5 0 0 0
137.5 136.172 18542.8 1
142.5 0 0 0
147.5 0 0 0
152.5 0 0 0
157.5 0 0 0
162.5 0 0 0
167.5 0 0 0
172.5 0 0 0
177.5 0 0 0
182.5 0 0 0
187.5 0 0 0
192.5 0 0 0
197.5 0 0 0
202.5 0 0 0
207.5 0 0 0
212.5 0 0 0
217.5 0 0 0
222.5 0 0 0
227.5 0 0 0
232.5 0 0 0
237.5 0 0 0
242.5 0 0 0
247.5 0 0 0
252.5 0 0 0
257.5 0 0 0
262.5 0 0 0
267.5 0 0 0
272.5 0 0 0
277.5 0 0 0
282.5 0 0 0
287.5 0 0 0
292.5 0 0 0
297.5 0 0 0
