17.5 175.109 3106.46 10
22.5 20981.2 447186 1034
27.5 26867.6 592453 1287
32.5 30164.4 708928 1372
37.5 28508 717410 1221
42.5 24314.3 650205 993
47.5 20486.7 605145 759
52.5 16846.7 550507 568
57.5 11717.8 436307 351
62.5 7490.92 291561 213
67.5 6150.24 265708 156
72.5 3570.59 176072 81
77.5 2445.54 132890 49
82.5 2262 143321 38
87.5 1198.14 75035.7 20
92.5 502.615 36730.9 7
97.5 614.801 48289.4 8
102.5 407.196 34578.6 5
107.5 413.93 35186.8 5
112.5 234.656 18423.3 3
117.5 315.786 33492.9 3
122.5 209.787 22011.1 2
127.5 247.833 31010.9 2
132.5 0 0 0
137.5 0 0 0
142.5 108.997 11880.4 1
147.5 0 0 0
152.5 0 0 0
157.5 0 0 0
162.5 0 0 0
167.5 0 0 0
172.5 0 0 0
177.5 0 0 0
182.5 0 0 0
187.5 0 0 0
192.5 0 0 0
197.5 0 0 0
202.5 0 0 0
207.5 0 0 0
212.5 0 0 0
217.5 0 0 0
222.5 0 0 0
227.5 0 0 0
232.5 0 0 0
237.5 0 0 0
242.5 0 0 0
247.5 0 0 0
252.5 0 0 0
257.5 0 0 0
262.5 0 0 0
267.5 0 0 0
272.5 0 0 0
277.5 0 0 0
282.5 0 0 0
287.5 0 0 0
292.5 0 0 0
297.5 0 0 0
