17.5 494.352 9612.98 26
22.5 50181 1.07734e+06 2428
27.5 36670.5 903758 1553
32.5 23410.6 680651 842
37.5 13310.4 449329 408
42.5 9843.6 389612 255
47.5 6027.43 271181 138
52.5 3413.13 169410 70
57.5 2397.58 131806 44
62.5 2140.98 129274 36
67.5 994.156 66514.5 15
72.5 1005.52 67853.3 15
77.5 589.561 43528.6 8
82.5 497.338 41432.4 6
87.5 401.942 32378.3 5
92.5 354.517 31435.4 4
97.5 0 0 0
102.5 110.623 12237.6 1
107.5 305.133 31103.9 3
112.5 108.997 11880.4 1
117.5 111.661 12468.2 1
122.5 0 0 0
127.5 135.204 18280.1 1
132.5 0 0 0
137.5 0 0 0
142.5 0 0 0
147.5 0 0 0
152.5 0 0 0
157.5 0 0 0
162.5 0 0 0
167.5 0 0 0
172.5 0 0 0
177.5 0 0 0
182.5 0 0 0
187.5 0 0 0
192.5 0 0 0
197.5 0 0 0
202.5 0 0 0
207.5 0 0 0
212.5 0 0 0
217.5 0 0 0
222.5 0 0 0
227.5 0 0 0
232.5 0 0 0
237.5 0 0 0
242.5 0 0 0
247.5 0 0 0
252.5 0 0 0
257.5 0 0 0
262.5 0 0 0
267.5 0 0 0
272.5 0 0 0
277.5 0 0 0
282.5 0 0 0
287.5 0 0 0
292.5 0 0 0
297.5 0 0 0
