-0.9 1.23899 0.412998
-0.7 0.99562 0.199321
-0.5 1.24883 0.157027
-0.3 1.07468 0.0944037
-0.1 0.893905 0.0461808
0.1 0.87552 0.0118648
0.3 1.10759 0.0162257
0.5 1.07619 0.0163015
0.7 0.958691 0.0154417
0.9 0.853275 0.014723
1.1 0.760211 0.0140291
1.3 0.676299 0.0131965
1.5 0.61821 0.0126078
1.7 0.594997 0.0127373
1.9 0.579088 0.0129263
2.1 0.528881 0.0124594
2.3 0.518124 0.0129964
2.5 0.538879 0.0143911
2.7 0.572404 0.0162906
2.9 0.605815 0.0185155
3.1 0.668418 0.0230196
3.3 0.776509 0.0293972
3.5 0.866909 0.0377365
3.7 0.995213 0.0490285
3.9 1.08434 0.0597783
4.1 1.53972 0.101905
4.3 1.4104 0.12153
4.5 1.13355 0.138107
4.7 1.90805 0.346546
4.9 1.32749 0.348824
5.1 2.25272 0.845621
5.3 1.23899 1.01163
5.5 0.619497 0.758725
5.7 1.23899 1.7522
